1006.838
1006.835
1006.854
1006.844
1006.811
1006.714
1006.61
1006.56
1006.582
1006.604
1006.67
1006.607
1006.514
1006.341
1006.344
1006.339
1006.394
1006.459
1006.422
1006.346
1006.265
1006.178
1006.195
1006.211
1006.298
1006.254
1006.205
1006.288
1006.512
1006.582
1006.444
1006.548
1006.638
1006.747
1006.794
1006.851
1006.955
1007.062
1007.062
1007.023
1007.041
1007.101
1007.048
1006.975
1006.904
1006.941
1007.038
1007.056
1007.129
1007.175
1007.211
1007.151
1007.135
1007.171
1007.109
1007.058
1007.008
1006.984
1006.984
1007.014
1007.023
1007.067
1007.07
1007.005
1006.921
1006.841
1006.737
1006.623
1006.602
1006.556
1006.522
1006.466
1006.384
1006.276
1006.158
1006.172
1006.432
1006.847
1006.721
1006.773
1006.864
1007.068
1007.28
1007.292
1007.232
1007.383
1007.326
1007.339
1007.358
1007.234
1007.154
1007.151
1007.083
1007.024
1007.089
1007.06
1007.049
1007.063
1007.019
1007.04
1006.999
1006.887
1006.845
1006.816
1006.788
1006.822
1006.916
1006.992
1006.934
1007.059
1007.17
1007.31
1007.399
1007.508
1007.636
1007.722
1007.886
1007.971
1008.023
1008.087
1008.16
1008.274
1008.402
1008.505
1008.574
1008.616
1008.618
1008.609
1008.645
1008.672
1008.656
1008.676
1008.637
1008.653
1008.698
1008.758
1008.806
1008.786
1008.791
1008.812
1008.868
1008.87
1008.857
1008.864
1008.841
1008.874
1008.833
1008.785
1008.75
1008.776
1008.803
1008.851
1008.895
1008.873
1008.861
1008.821
1008.801
1008.824
1008.868
1008.952
1008.983
1008.993
1009.022
1009.016
1009.021
1009.083
1009.084
1009.105
1009.202
1009.339
1009.403
1009.379
1009.412
1009.415
1009.479
1009.624
1009.624
1009.615
1009.695
1009.686
1009.838
1009.936
1009.964
1009.976
1010
1010.044
1010.021
1010.01
1010.028
1010.078
1010.192
1010.249
1010.425
1010.51
1010.503
1010.56
1010.718
1010.823
1010.731
1010.63
1010.656
1010.7
1010.759
1010.838
1010.918
1010.915
1010.864
1010.813
1010.777
1010.748
1010.774
1010.758
1010.777
1010.868
1010.918
1010.984
1011.342
1011.588
1011.653
1011.653
1011.709
1011.792
1011.865
1011.837
1011.798
1011.816
1011.762
1011.764
1011.746
1011.701
1011.77
1011.735
1011.718
1011.72
1011.593
1011.533
1011.517
1011.598
1011.596
1011.533
1011.501
1011.615
1011.66
1011.703
1011.704
1011.713
1011.763
1011.817
1011.97
1011.947
1011.927
1011.922
1011.926
1011.935
1011.899
1011.907
1012.001
1012.143
1012.187
1012.212
1012.293
1012.356
1012.441
1012.482
1012.625
1012.746
1012.804
1012.827
1012.863
1012.901
1012.997
1013.115
1013.135
1013.17
1013.243
1013.347
1013.424
1013.483
1013.557
1013.609
1013.624
1013.66
1013.674
1013.663
1013.664
1013.616
1013.655
1013.659
1013.598
1013.593
1013.579
1013.575
1013.566
1013.557
1013.543
1013.563
1013.643
1013.695
1013.693
1013.719
1013.675
1013.736
1013.778
1013.769
1013.785
1013.812
1013.845
1013.846
1013.905
1013.984
1013.919
1013.912
1013.838
1013.855
1013.819
1013.807
1013.862
1013.869
1013.908
1013.953
1014.063
1014.149
1014.172
1014.27
1014.368
1014.4
1014.394
1014.348
1014.334
1014.288
1014.269
1014.245
1014.238
1014.299
1014.267
1014.298
1014.343
1014.452
1014.456
1014.447
1014.492
1014.518
1014.467
1014.397
1014.319
1014.286
1014.247
1014.206
1014.184
1014.078
1014.006
1014.028
1013.999
1013.967
1013.877
1013.862
1013.897
1013.824
1013.752
1013.673
1013.625
1013.585
1013.506
1013.479
1013.549
1013.571
1013.521
1013.514
1013.517
1013.446
1013.367
1013.312
1013.322
1013.318
1013.275
1013.269
1013.198
1013.12
1013.052
1013.124
1013.089
1013.068
1013.025
1012.979
1012.923
1012.877
1012.825
1012.764
1012.758
1012.727
1012.673
1012.658
1012.672
1012.677
1012.706
1012.722
1012.736
1012.76
1012.749
1012.795
1012.794
1012.863
1012.885
1012.938
1012.968
1013.003
1013.006
1013.047
1013.094
1013.121
1013.209
1013.322
1013.388
1013.51
1013.589
1013.661
1013.705
1013.775
1013.878
1013.891
1013.869
1013.917
1013.954
1013.989
1014.016
1013.944
1013.901
1013.905
1013.924
1013.912
1013.903
1013.82
1013.858
1013.875
1013.846
1013.869
1013.907
1013.953
1013.997
1013.938
1013.863
1013.885
1013.899
1013.907
1013.88
1013.964
1013.987
1013.985
1013.969
1013.993
1014.016
1013.968
1013.931
1013.821
1013.76
1013.785
1013.827
1013.868
1013.877
1013.865
1013.88
1013.898
1013.922
1013.978
1014.031
1014.121
1014.192
1014.246
1014.199
1014.271
1014.316
1014.311
1014.335
1014.364
1014.365
1014.435
1014.506
1014.566
1014.576
1014.588
1014.588
1014.669
1014.753
1014.827
1014.866
1014.867
1014.837
1014.811
1014.834
1014.856
1014.818
1014.826
1014.856
1014.847
1014.86
1014.81
1014.841
1014.827
1014.725
1014.666
1014.6
1014.581
1014.576
1014.541
1014.471
1014.359
1014.306
1014.323
1014.27
1014.237
1014.211
1014.134
1014.045
1013.961
1013.877
1013.802
1013.775
1013.749
1013.743
1013.979
1014.298
1014.531
1014.738
1014.662
1014.641
1014.532
1014.496
1014.551
1014.558
1014.513
1014.46
1014.325
1014.225
1014.267
1014.21
1014.158
1014.057
1013.884
1013.804
1013.704
1013.63
1013.645
1013.58
1013.564
1013.579
1013.58
1013.529
1013.55
1013.512
1013.55
1013.631
1013.682
1013.754
1013.923
1013.974
1014.05
1014.062
1014.008
1014.003
1014.041
1013.954
1013.882
1013.803
1013.665
1013.637
1013.584
1013.531
1013.558
1013.549
1013.468
1013.412
1013.388
1013.389
1013.406
1013.336
1013.335
1013.239
1013.2
1013.151
1013.12
1013.065
1013.015
1013.022
1013.008
1012.963
1012.851
1012.766
1012.719
1012.69
1012.662
1012.595
1012.575
1012.554
1012.501
1012.489
1012.503
1012.444
1012.424
1012.383
1012.293
1012.235
1012.108
1012.04
1011.943
1011.921
1011.904
1011.866
1011.884
1011.906
1011.917
1011.891
1011.86
1011.821
1011.801
1011.761
1011.777
1011.809
1011.738
1011.676
1011.666
1011.703
1011.757
1011.777
1011.78
1011.785
1011.732
1011.688
1011.742
1011.768
1011.757
1011.694
1011.651
1011.613
1011.572
1011.516
1011.438
1011.402
1011.329
1011.247
1011.183
1011.142
1011.065
1010.911
1010.79
1010.652
1010.554
1010.439
1010.332
1010.21
1010.092
1009.964
1009.912
1009.819
1009.702
1009.669
1009.589
1009.516
1009.482
1009.438
1009.443
1009.282
1009.278
1009.246
1009.243
1009.252
1009.286
1009.175
1009.07
1008.952
1008.785
1008.702
1008.744
1008.669
1008.582
1008.502
1008.404
1008.298
1008.264
1008.242
1008.249
1008.271
1008.138
1007.935
1007.879
1007.83
1007.764
1007.775
1008.111
1008.375
1008.298
1008.161
1008.075
1008.122
1008.306
1008.373
1008.374
1008.276
1008.146
1008.079
1008.018
1007.804
1007.71
1007.671
1007.623
1007.65
1007.679
1007.74
1007.799
1007.708
1007.694
1007.649
1007.604
1007.554
1007.501
1007.473
1007.358
1007.202
1007.101
1006.999
1006.921
1006.762
1006.621
1006.515
1006.436
1006.43
1006.368
1006.262
1006.248
1006.23
1006.211
1006.149
1006.088
1006.012
1005.983
1005.953
1005.947
1005.988
1006.017
1005.993
1005.938
1005.956
1005.918
1005.947
1005.916
1005.791
1005.677
1005.627
1005.575
1005.556
1005.475
1005.416
1005.391
1005.317
1005.276
1005.193
1005.184
1005.124
1005.039
1004.99
1004.961
1004.813
1004.852
1004.87
1004.835
1004.847
1004.812
1004.793
1004.753
1004.684
1004.678
1004.702
1004.667
1004.62
1004.64
1004.646
1004.62
1004.523
1004.427
1004.35
1004.337
1004.254
1004.191
1004.083
1004.037
1004.086
1004.039
1003.924
1003.786
1003.705
1003.637
1003.627
1003.583
1003.541
1003.443
1003.366
1003.233
1003.08
1003.008
1002.908
1002.728
1002.601
1002.545
1002.504
1002.383
1002.291
1002.211
1002.297
1002.3
1002.309
1002.305
1002.401
1002.307
1002.125
1002.103
1002.522
1002.793
1003.169
1003.401
1003.599
1003.677
1003.654
1003.729
1003.75
1003.643
1003.394
1003.382
1003.475
1003.426
1003.465
1003.448
1003.491
1003.422
1003.497
1003.557
1003.587
1003.519
1003.48
1003.622
1003.735
1003.804
1003.922
1004.005
1003.984
1004.073
1004.297
1004.355
1004.406
1004.4
1004.259
1004.271
1004.383
1004.417
1004.439
1004.376
1004.413
1004.45
1004.427
1004.389
1004.355
1004.41
1004.446
1004.502
1004.48
1004.466
1004.423
1004.412
1004.431
1004.4
1004.399
1004.431
1004.478
1004.446
1004.344
1004.369
1004.392
1004.338
1004.301
1004.288
1004.291
1004.258
1004.321
1004.298
1004.315
1004.256
1004.281
1004.134
1004.118
1004.121
1004.11
1003.983
1004.024
1004.085
1004.092
1004.12
1004.159
1004.134
1004.189
1004.186
1004.185
1004.302
1004.355
1004.395
1004.434
1004.398
1004.393
1004.379
1004.335
1004.253
1004.265
1004.351
1004.373
1004.482
1004.532
1004.61
1004.597
1004.671
1004.711
1004.683
1004.7
1004.671
1004.557
1004.497
1004.479
1004.525
1004.509
1004.499
1004.496
1004.413
1004.356
1004.304
1004.252
1004.209
1004.118
1003.993
1003.831
1003.784
1003.782
1003.601
1003.563
1003.483
1003.406
1003.387
1003.193
1002.873
1002.756
1002.822
1002.665
1002.53
1002.873
1002.882
1002.743
1002.665
1002.54
1002.479
1002.482
1002.463
1002.655
1002.936
1003.014
1002.935
1002.657
1002.505
1002.363
1002.166
1001.967
1001.875
1001.777
1001.7
1001.64
1001.648
1001.572
1001.533
1001.584
1001.592
1001.435
1001.438
1001.451
1001.442
1001.353
1001.397
1001.441
1001.468
1001.598
1001.931
1002.149
1002.231
1002.225
1001.89
1001.807
1001.926
1001.986
1002.001
1002.111
1002.211
1002.229
1002.297
1002.362
1002.293
1002.22
1002.153
1002.111
1001.977
1001.896
1001.931
1001.836
1001.815
1001.815
1001.708
1001.824
1001.793
1001.831
1001.844
1002.197
1002.134
1002.019
1002.297
1002.309
1002.16
1002.158
1002.365
1002.427
1002.446
1002.49
1002.534
1002.536
1002.541
1002.525
1002.604
1002.656
1002.614
1002.636
1002.658
1002.716
1002.826
1002.853
1002.827
1002.917
1002.978
1003.014
1003.06
1003.107
1003.195
1003.229
1003.262
1003.221
1003.254
1003.322
1003.345
1003.493
1003.613
1003.693
1003.747
1003.842
1003.931
1004.031
1004.093
1004.135
1004.184
1004.242
1004.26
1004.35
1004.491
1004.671
1004.834
1004.971
1005.091
1005.248
1005.45
1005.62
1005.781
1005.905
1006.104
1006.23
1006.361
1006.465
1006.602
1006.645
1006.619
1006.65
1006.721
1006.758
1006.877
1006.985
1007.037
1007.189
1007.251
1007.321
1007.413
1007.564
1007.697
1007.749
1007.875
1008.06
1008.097
1008.18
1008.305
1008.491
1008.602
1008.768
1008.844
1008.956
1009.037
1009.018
1009.029
1008.987
1009.075
1009.135
1009.234
1009.362
1009.403
1009.403
1009.436
1009.555
1009.661
1009.76
1009.835
1009.837
1009.869
1009.978
1010.103
1010.202
1010.284
1010.351
1010.447
1010.589
1010.698
1010.766
1010.903
1010.963
1011.11
1011.279
1011.442
1011.486
1011.543
1011.571
1011.585
1011.616
1011.629
1011.804
1011.865
1011.939
1012.061
1012.112
1012.165
1012.286
1012.413
1012.507
1012.551
1012.551
1012.625
1012.742
1012.814
1012.853
1012.893
1012.916
1012.969
1013.007
1013.018
1013.033
1013.048
1012.982
1012.99
1013.007
1013.036
1013.022
1013.056
1013.004
1013.024
1013.072
1013.091
1013.071
1013.144
1013.272
1013.293
1013.396
1013.413
1013.422
1013.429
1013.407
1013.417
1013.395
1013.509
1013.568
1013.697
1013.777
1013.808
1013.857
1013.916
1014.014
1014.086
1014.141
1014.24
1014.257
1014.223
1014.235
1014.22
1014.179
1014.221
1014.228
1014.275
1014.375
1014.349
1014.351
1014.41
1014.448
1014.459
1014.492
1014.582
1014.68
1014.713
1014.78
1014.848
1014.934
1014.961
1015.053
1015.121
1015.166
1015.23
1015.237
1015.286
1015.255
1015.329
1015.418
1015.482
1015.572
1015.592
1015.624
1015.65
1015.761
1015.796
1015.885
1015.953
1015.992
1016.05
1016.039
1016.056
1016.013
1015.904
1015.891
1015.863
1015.814
1015.832
1015.789
1015.682
1015.623
1015.61
1015.646
1015.587
1015.511
1015.473
1015.43
1015.447
1015.413
1015.369
1015.367
1015.42
1015.44
1015.417
1015.412
1015.395
1015.505
1015.559
1015.398
1015.644
1016.307
1016.32
1016.225
1016.208
1016.186
1016.026
1016.068
1016.309
1016.398
1016.352
1016.24
1016.163
1016.068
1016.013
1015.99
1015.969
1015.957
1015.955
1015.874
1015.856
1015.91
1016.028
1015.973
1016.139
1016.326
1016.225
1016.139
1016.081
1016.161
1016.033
1015.912
1015.922
1015.859
1015.947
1015.917
1015.911
1015.92
1015.933
1015.867
1015.823
1015.761
1015.715
1015.692
1015.702
1015.732
1015.761
1015.682
1015.613
1015.634
1015.635
1015.652
1015.682
1015.715
1015.685
1015.594
1015.569
1015.6
1015.524
1015.537
1015.524
1015.465
1015.449
1015.447
1015.524
1015.645
1015.608
1015.64
1015.684
1015.691
1015.66
1015.635
1015.681
1015.648
1015.63
1015.549
1015.421
1015.398
1015.243
1015.308
1015.392
1015.435
1015.404
1015.458
1015.586
1015.542
1015.56
1015.586
1015.519
1015.483
1015.531
1015.579
1015.545
1015.429
1015.298
1015.241
1015.053
1014.918
1014.839
1014.802
1014.831
1014.81
1014.683
1014.59
1014.565
1014.608
1014.66
1014.62
1014.671
1014.668
1014.66
1014.655
1014.562
1014.449
1014.643
1014.665
1014.591
1014.513
1014.424
1014.385
1014.31
1014.295
1014.288
1014.258
1014.291
1014.298
1014.583
1014.856
1014.714
1014.704
1014.769
1014.811
1014.778
1014.84
1014.991
1015.163
1015.242
1015.156
1015.129
1015.145
1015.128
1015.036
1014.994
1014.937
1014.975
1014.956
1014.932
1014.931
1014.961
1015.031
1015.094
1015.102
1015.161
1015.287
1015.393
1015.458
1015.469
1015.403
1015.446
1015.651
1015.715
1015.811
1015.877
1015.94
1015.964
1016.021
1016.094
1016.152
1016.206
1016.226
1016.356
1016.414
1016.51
1016.509
1016.511
1016.661
1016.735
1016.773
1016.901
1016.967
1017.038
1017.095
1017.17
1017.189
1017.19
1017.217
1017.213
1017.203
1017.243
1017.234
1017.221
1017.151
1017.121
1017.18
1017.227
1017.328
1017.37
1017.336
1017.334
1017.451
1017.589
1017.558
1017.57
1017.594
1017.615
1017.624
1017.666
1017.761
1017.781
1017.772
1017.735
1017.788
1017.897
1018.006
1018.094
1018.164
1018.203
1018.242
1018.359
1018.375
1018.394
1018.375
1018.448
1018.551
1018.581
1018.594
1018.691
1018.7
1018.759
1018.862
1018.898
1018.889
1018.899
1018.955
1019.015
1019.097
1019.112
1019.057
1019.08
1019.103
1019.194
1019.248
1019.221
1019.214
1019.259
1019.28
1019.196
1019.188
1019.218
1019.258
1019.193
1019.201
1019.229
1019.184
1019.133
1019.166
1019.176
1019.12
1019.138
1019.119
1019.06
1019.064
1019.008
1019.055
1019.027
1019.05
1019.054
1019.048
1019.048
1019.043
1019.022
1018.972
1018.977
1019.003
1018.984
1018.974
1018.9
1018.915
1018.924
1018.944
1018.948
1018.995
1019.061
1019.052
1019.051
1019.096
1019.096
1019.079
1019.076
1019.045
1019.018
1019.045
1019.112
1019.2
1019.272
1019.379
1019.487
1019.599
1019.668
1019.747
1019.852
1019.94
1019.995
1020.07
1020.145
1020.239
1020.343
1020.39
1020.458
1020.506
1020.469
1020.41
1020.413
1020.399
1020.415
1020.381
1020.41
1020.524
1020.55
1020.567
1020.652
1020.697
1020.682
1020.583
1020.583
1020.619
1020.62
1020.627
1020.579
1020.464
1020.433
1020.43
1020.441
1020.434
1020.384
1020.412
1020.388
1020.439
1020.435
1020.391
1020.281
1020.286
1020.298
1020.303
1020.25
1020.164
1020.244
1020.27
1020.314
1020.396
1020.452
1020.505
1020.494
1020.462
1020.475
1020.385
1020.347
1020.45
1020.541
1020.546
1020.469
1020.416
1020.371
1020.339
1020.309
1020.36
1020.376
1020.34
1020.357
1020.336
1020.289
1020.298
1020.35
1020.318
1020.227
1020.151
1020.262
1020.27
1020.185
1020.2
1020.165
1020.146
1020.075
1019.989
1019.991
1020.007
1020
1019.964
1019.907
1019.847
1019.784
1019.785
1019.735
1019.646
1019.608
1019.587
1019.562
1019.509
1019.45
1019.444
1019.377
1019.315
1019.21
1019.1
1019.091
1019.054
1018.985
1018.853
1018.748
1018.651
1018.618
1018.572
1018.558
1018.482
1018.498
1018.48
1018.44
1018.419
1018.393
1018.353
1018.262
1018.221
1018.182
1018.19
1018.202
1018.188
1018.162
1018.169
1018.167
1018.206
1018.199
1018.23
1018.219
1018.196
1018.2
1018.292
1018.342
1018.443
1018.519
1018.58
1018.633
1018.62
1018.643
1018.655
1018.601
1018.581
1018.613
1018.658
1018.66
1018.665
1018.703
1018.767
1018.853
1018.968
1019.085
1019.172
1019.214
1019.246
1019.255
1019.278
1019.346
1019.464
1019.567
1019.585
1019.549
1019.491
1019.38
1019.307
1019.326
1019.28
1019.195
1019.146
1019.066
1018.957
1018.931
1018.998
1019.124
1019.159
1019.214
1019.324
1019.284
1019.246
1019.307
1019.242
1019.217
1019.205
1019.242
1019.116
1019.105
1019.027
1018.953
1018.977
1018.944
1019.041
1019.12
1019.097
1019.048
1019.159
1019.212
1019.185
1019.254
1019.267
1019.295
1019.335
1019.393
1019.354
1019.396
1019.409
1019.368
1019.303
1019.248
1019.255
1019.222
1019.263
1019.292
1019.276
1019.356
1019.385
1019.302
1019.268
1019.292
1019.335
1019.355
1019.341
1019.26
1019.171
1019.15
1019.123
1019.199
1019.269
1019.295
1019.261
1019.159
1019.167
1019.186
1019.034
1018.977
1018.882
1018.855
1018.838
1018.783
1018.71
1018.68
1018.672
1018.623
1018.599
1018.571
1018.646
1018.668
1018.612
1018.609
1018.494
1018.492
1018.446
1018.421
1018.363
1018.329
1018.181
1018.087
1018.091
1018.131
1018.17
1018.189
1018.375
1018.503
1018.69
1018.849
1018.938
1019.042
1018.991
1019.099
1019.24
1019.209
1019.241
1019.322
1019.352
1019.254
1019.326
1019.555
1019.661
1019.75
1019.738
1019.798
1019.896
1019.991
1020.082
1020.065
1020.134
1020.315
1020.479
1020.558
1020.547
1020.52
1020.539
1020.496
1020.568
1020.572
1020.56
1020.53
1020.547
1020.521
1020.569
1020.555
1020.646
1020.672
1020.662
1020.655
1020.657
1020.594
1020.655
1020.711
1020.705
1020.664
1020.675
1020.635
1020.663
1020.62
1020.63
1020.645
1020.687
1020.614
1020.541
1020.526
1020.4
1020.309
1020.309
1020.209
1020.25
1020.264
1020.146
1020.04
1020.013
1019.961
1019.821
1019.804
1019.829
1019.866
1019.877
1019.868
1019.888
1019.846
1019.856
1019.856
1019.887
1019.83
1019.837
1019.887
1019.87
1019.825
1019.796
1019.796
1019.777
1019.791
1019.745
1019.633
1019.633
1019.509
1019.459
1019.427
1019.41
1019.404
1019.304
1019.26
1019.273
1019.192
1019.126
1019.11
1019.069
1019.04
1018.905
1018.85
1018.82
1018.811
1018.763
1018.726
1018.676
1018.516
1018.412
1018.391
1018.391
1018.206
1018.164
1018.065
1017.928
1017.803
1017.8
1017.798
1017.83
1017.833
1017.815
1017.667
1017.658
1017.53
1017.489
1017.496
1017.442
1017.37
1017.351
1017.373
1017.258
1017.14
1016.973
1016.821
1016.782
1016.798
1016.82
1016.817
1016.791
1016.754
1016.724
1016.749
1016.767
1016.805
1016.941
1016.962
1017.122
1017.154
1017.1
1016.991
1017.003
1017.033
1016.987
1016.973
1017.004
1017.039
1017.065
1017.078
1017.069
1017.057
1017.133
1017.165
1017.181
1017.24
1017.177
1017.182
1017.216
1017.142
1017.146
1017.067
1017.098
1017.159
1017.084
1017.039
1016.937
1016.92
1016.832
1016.711
1016.671
1016.713
1016.645
1016.606
1016.663
1016.671
1016.527
1016.371
1016.359
1016.324
1016.226
1016.148
1016.098
1016.027
1015.824
1015.718
1015.728
1015.681
1015.693
1015.569
1015.5
1015.381
1015.329
1015.306
1015.258
1015.26
1015.308
1015.328
1015.142
1014.971
1014.909
1014.893
1014.934
1014.934
1014.867
1014.981
1014.97
1014.907
1014.83
1014.767
1014.739
1014.758
1014.759
1014.774
1014.726
1014.648
1014.677
1014.684
1014.647
1014.62
1014.611
1014.664
1014.713
1014.693
1014.655
1014.607
1014.615
1014.62
1014.593
1014.554
1014.54
1014.574
1014.589
1014.504
1014.516
1014.423
1014.37
1014.319
1014.235
1014.159
1014.076
1013.99
1013.853
1013.78
1013.725
1013.62
1013.552
1013.442
1013.341
1013.273
1013.11
1012.937
1012.809
1012.74
1012.646
1012.53
1012.459
1012.332
1012.185
1012.061
1011.911
1011.776
1011.607
1011.452
1011.277
1011.084
1010.963
1010.776
1010.618
1010.492
1010.32
1010.155
1009.995
1009.939
1009.876
1009.803
1009.639
1009.434
1009.376
1009.266
1009.144
1008.995
1008.911
1008.796
1008.766
1008.645
1008.535
1008.446
1008.298
1008.202
1008.165
1008.016
1007.991
1007.965
1007.955
1008.022
1008.071
1008.063
1007.999
1007.975
1007.993
1008.014
1008
1007.958
1007.9
1007.802
1007.721
1007.634
1007.582
1007.419
1007.362
1007.215
1007.111
1007.23
1007.092
1006.986
1007.042
1006.987
1007.016
1007.027
1007.016
1006.947
1007.075
1006.766
1006.616
1006.52
1006.602
1006.429
1006.255
1006.261
1006.497
1006.157
1006.389
1006.117
1006.046
1006.073
1005.946
1005.86
1005.793
1005.759
1005.761
1005.769
1005.726
1005.633
1005.508
1005.331
1005.232
1005.031
1004.955
1004.884
1004.805
1004.823
1004.77
1004.717
1004.714
1004.616
1004.491
1004.422
1004.4
1004.404
1004.45
1004.443
1004.462
1004.498
1004.473
1004.435
1004.47
1004.458
1004.503
1004.539
1004.547
1004.526
1004.556
1004.532
1004.423
1004.392
1004.493
1004.481
1004.398
1004.442
1004.5
1004.535
1004.52
1004.606
1004.607
1004.548
1004.512
1004.579
1004.728
1004.824
1004.913
1004.971
1004.896
1004.843
1004.805
1004.773
1004.814
1004.94
1005.022
1005.065
1005.263
1005.459
1005.505
1005.505
1005.504
1005.672
1005.893
1005.854
1005.851
1005.879
1005.925
1005.976
1006.049
1006.033
1006.061
1006.185
1006.346
1006.344
1006.249
1006.336
1006.417
1006.431
1006.369
1006.458
1006.584
1006.615
1006.712
1006.775
1006.762
1006.803
1006.806
1006.834
1006.871
1006.844
1006.817
1006.779
1006.709
1006.778
1006.8
1006.777
1006.764
1006.621
1006.512
1006.399
1006.369
1006.318
1006.243
1006.155
1005.935
1005.925
1005.857
1005.827
1005.837
1005.794
1005.677
1005.622
1005.611
1005.598
1005.758
1005.889
1005.849
1005.959
1005.905
1006.089
1006.216
1006.269
1006.268
1006.254
1006.296
1006.404
1006.417
1006.437
1006.443
1006.558
1006.635
1006.686
1006.698
1006.75
1006.814
1006.895
1006.977
1007.167
1007.318
1007.511
1007.62
1007.68
1007.715
1007.688
1007.699
1007.789
1007.841
1008.012
1008.082
1008.104
1008.164
1008.197
1008.24
1008.422
1008.44
1008.504
1008.677
1008.762
1008.864
1008.929
1008.947
1008.946
1009.033
1009.104
1009.175
1009.176
1009.278
1009.357
1009.35
1009.36
1009.372
1009.4
1009.386
1009.438
1009.462
1009.611
1009.755
1009.81
1009.879
1009.961
1009.905
1009.926
1010.1
1010.2
1010.254
1010.295
1010.271
1010.224
1010.21
1010.231
1010.215
1010.152
1010.191
1010.289
1010.489
1010.627
1010.707
1010.816
1010.767
1010.735
1010.66
1010.597
1010.585
1010.672
1010.756
1010.832
1010.904
1010.877
1010.817
1010.838
1010.953
1010.923
1010.943
1011.055
1011.178
1011.292
1011.174
1011.073
1011.025
1011.117
1011.228
1011.221
1011.203
1011.218
1011.148
1011.07
1011.216
1011.183
1011.198
1011.168
1011.197
1011.248
1011.257
1011.263
1011.331
1011.418
1011.555
1011.637
1011.71
1011.734
1011.742
1011.756
1011.75
1011.749
1011.733
1011.767
1011.787
1011.777
1011.724
1011.688
1011.673
1011.631
1011.545
1011.519
1011.523
1011.561
1011.532
1011.517
1011.516
1011.555
1011.53
1011.49
1011.456
1011.444
1011.461
1011.562
1011.595
1011.592
1011.665
1011.667
1011.577
1011.516
1011.516
1011.529
1011.527
1011.459
1011.395
1011.343
1011.374
1011.386
1011.405
1011.398
1011.314
1011.222
1011.165
1011.074
1010.977
1010.875
1010.794
1010.731
1010.684
1010.65
1010.687
1010.698
1010.71
1010.662
1010.669
1010.725
1010.761
1010.743
1010.696
1010.674
1010.619
1010.589
1010.508
1010.436
1010.375
1010.352
1010.435
1010.463
1010.496
1010.583
1010.552
1010.527
1010.483
1010.411
1010.382
1010.519
1010.597
1010.569
1010.578
1010.553
1010.645
1010.728
1010.747
1010.72
1010.732
1010.712
1010.719
1010.674
1010.629
1010.644
1010.607
1010.557
1010.588
1010.615
1010.646
1010.614
1010.558
1010.534
1010.511
1010.642
1010.654
1010.5
1010.391
1010.348
1010.295
1010.419
1010.498
1010.422
1010.368
1010.353
1010.38
1010.346
1010.273
1010.275
1010.315
1010.336
1010.296
1010.263
1010.24
1010.28
1010.249
1010.145
1010.118
1010.123
1010.1
1010.048
1010.003
1009.985
1009.905
1009.867
1009.774
1009.739
1009.707
1009.629
1009.593
1009.536
1009.531
1009.487
1009.51
1009.53
1009.538
1009.603
1009.622
1009.591
1009.545
1009.488
1009.424
1009.411
1009.35
1009.306
1009.305
1009.331
1009.273
1009.276
1009.278
1009.259
1009.245
1009.264
1009.224
1009.179
1009.111
1009.102
1009.131
1009.174
1009.254
1009.246
1009.157
1009.11
1009.124
1009.177
1009.16
1009.107
1008.961
1008.979
1008.997
1009.018
1008.962
1008.917
1008.859
1008.897
1009.011
1009.026
1009.053
1008.996
1008.966
1009.02
1009.061
1009.11
1009.164
1009.273
1009.28
1009.254
1009.264
1009.305
1009.239
1009.202
1009.315
1009.311
1009.31
1009.216
1009.38
1009.388
1009.416
1009.479
1009.571
1009.661
1009.77
1009.889
1009.965
1010.035
1010.042
1010.045
1010.019
1010.077
1010.154
1010.263
1010.34
1010.28
1010.325
1010.352
1010.41
1010.49
1010.529
1010.612
1010.659
1010.724
1010.867
1010.966
1010.951
1010.945
1010.944
1010.945
1010.99
1011.058
1011.063
1011.038
1011.058
1011.022
1011.064
1011.063
1011.015
1010.988
1011.009
1011.042
1011.09
1011.133
1011.193
1011.27
1011.294
1011.368
1011.389
1011.304
1011.297
1011.251
1011.185
1011.154
1011.211
1011.277
1011.265
1011.225
1011.27
1011.316
1011.293
1011.228
1011.261
1011.24
1011.239
1011.249
1011.323
1011.373
1011.432
1011.469
1011.606
1011.642
1011.686
1011.762
1011.809
1011.828
1011.907
1011.918
1011.892
1011.944
1012.048
1012.042
1012.183
1012.293
1012.33
1012.416
1012.462
1012.541
1012.635
1012.68
1012.783
1012.809
1012.831
1012.868
1012.855
1012.943
1013.021
1013.088
1013.181
1013.263
1013.283
1013.334
1013.412
1013.47
1013.519
1013.578
1013.559
1013.568
1013.518
1013.546
1013.494
1013.532
1013.597
1013.517
1013.491
1013.472
1013.568
1013.501
1013.492
1013.495
1013.46
1013.482
1013.483
1013.469
1013.388
1013.317
1013.292
1013.369
1013.378
1013.347
1013.374
1013.4
1013.364
1013.329
1013.304
1013.314
1013.385
1013.356
1013.357
1013.383
1013.429
1013.565
1013.629
1013.691
1013.697
1013.8
1013.818
1013.863
1013.84
1013.894
1013.972
1014.022
1014.09
1014.132
1014.07
1014.143
1014.211
1014.331
1014.442
1014.452
1014.514
1014.528
1014.641
1014.622
1014.713
1014.74
1014.73
1014.815
1014.82
1014.941
1014.951
1014.891
1014.8
1014.811
1014.807
1014.802
1014.866
1014.848
1014.901
1014.916
1014.842
1014.857
1014.881
1014.853
1014.837
1014.861
1014.939
1015.19
1015.24
1015.274
1015.359
1015.378
1015.359
1015.369
1015.444
1015.459
1015.479
1015.569
1015.63
1015.553
1015.569
1015.699
1015.859
1015.89
1015.959
1015.957
1015.962
1016.003
1016.047
1016.056
1016.11
1016.156
1016.171
1016.107
1016.007
1016.069
1016.095
1016.211
1016.336
1016.389
1016.416
1016.518
1016.607
1016.724
1016.817
1016.894
1016.979
1017.084
1017.175
1017.312
1017.448
1017.534
1017.643
1017.706
1017.761
1017.803
1017.855
1017.924
1017.988
1018.037
1018.125
1018.224
1018.28
1018.287
1018.296
1018.337
1018.338
1018.418
1018.439
1018.457
1018.472
1018.471
1018.475
1018.595
1018.551
1018.535
1018.554
1018.583
1018.654
1018.737
1018.751
1018.798
1018.819
1018.836
1018.854
1018.862
1018.768
1018.721
1018.723
1018.764
1018.738
1018.724
1018.744
1018.622
1018.612
1018.673
1018.76
1018.789
1018.924
1019.031
1019.127
1019.168
1019.219
1019.247
1019.262
1019.228
1019.202
1019.181
1019.248
1019.366
1019.478
1019.525
1019.636
1019.605
1019.598
1019.592
1019.636
1019.686
1019.768
1019.843
1019.871
1019.881
1019.938
1019.994
1020.012
1020.045
1020.058
1020.046
1020.038
1020.038
1020.071
1020.146
1020.192
1020.205
1020.174
1020.18
1020.189
1020.155
1020.099
1020.077
1020.047
1019.999
1020.007
1020.044
1020.016
1019.98
1019.908
1019.871
1019.838
1019.806
1019.744
1019.686
1019.638
1019.614
1019.554
1019.506
1019.481
1019.418
1019.307
1019.186
1019.077
1018.992
1018.928
1018.899
1018.849
1018.839
1018.8
1018.717
1018.665
1018.606
1018.541
1018.489
1018.403
1018.325
1018.265
1018.2
1018.209
1018.279
1018.26
1018.211
1018.189
1018.153
1018.129
1018.14
1018.105
1018.136
1018.15
1018.156
1018.163
1018.145
1018.09
1018.139
1018.169
1018.133
1018.101
1018.086
1018.037
1018.027
1018.04
1018.065
1018.017
1018.035
1018.005
1017.981
1018.001
1018.002
1017.967
1017.934
1017.916
1017.908
1017.853
1017.822
1017.819
1017.816
1017.765
1017.699
1017.656
1017.577
1017.434
1017.355
1017.285
1017.225
1017.168
1017.156
1017.127
1017.086
1016.971
1016.865
1016.834
1016.73
1016.642
1016.528
1016.406
1016.346
1016.28
1016.237
1016.103
1015.965
1015.805
1015.797
1015.736
1015.716
1015.688
1015.655
1015.631
1015.555
1015.54
1015.476
1015.386
1015.345
1015.368
1015.411
1015.446
1015.437
1015.456
1015.508
1015.571
1015.606
1015.597
1015.524
1015.496
1015.53
1015.539
1015.519
1015.841
1016.036
1015.99
1015.83
1015.825
1015.79
1015.831
1015.838
1015.825
1015.816
1015.864
1015.928
1015.987
1015.999
1016.049
1016.122
1016.204
1016.3
1016.298
1016.324
1016.353
1016.399
1016.464
1016.52
1016.52
1016.572
1016.607
1016.659
1016.67
1016.707
1016.693
1016.699
1016.707
1016.717
1016.706
1016.703
1016.791
1016.849
1016.891
1016.922
1016.896
1016.926
1016.943
1016.916
1016.873
1016.797
1016.802
1016.881
1016.911
1016.886
1016.848
1016.828
1016.864
1016.885
1016.861
1016.87
1016.861
1016.827
1016.794
1016.811
1016.919
1016.934
1016.966
1016.98
1016.993
1017.048
1017.201
1017.384
1017.549
1017.67
1017.823
1018.006
1018.195
1018.333
1018.367
1018.475
1018.517
1018.547
1018.618
1018.693
1018.728
1018.821
1018.948
1018.994
1018.981
1019.028
1019.07
1019.118
1019.188
1019.272
1019.311
1019.35
1019.397
1019.469
1019.558
1019.613
1019.659
1019.684
1019.701
1019.701
1019.724
1019.772
1019.774
1019.716
1019.681
1019.662
1019.74
1019.745
1019.73
1019.732
1019.806
1019.872
1019.922
1019.973
1019.988
1020.047
1020.112
1020.151
1020.242
1020.284
1020.346
1020.403
1020.444
1020.569
1020.6
1020.682
1020.798
1020.913
1020.982
1021.099
1021.205
1021.328
1021.445
1021.601
1021.748
1021.786
1021.829
1021.884
1021.918
1021.957
1022.058
1022.136
1022.268
1022.414
1022.497
1022.558
1022.653
1022.725
1022.829
1022.927
1022.997
1023.133
1023.254
1023.318
1023.417
1023.581
1023.633
1023.712
1023.692
1023.713
1023.768
1023.771
1023.862
1023.96
1024.088
1024.046
1024.018
1024.066
1024.116
1024.091
1024.193
1024.187
1024.169
1024.156
1024.225
1024.212
1024.24
1024.33
1024.312
1024.317
1024.369
1024.386
1024.437
1024.516
1024.524
1024.529
1024.531
1024.567
1024.6
1024.713
1024.748
1024.791
1024.851
1024.854
1024.895
1024.937
1024.947
1024.935
1024.923
1024.983
1024.972
1024.993
1025.029
1025.034
1025.037
1025.042
1025.053
1025.06
1025.15
1025.282
1025.378
1025.52
1025.596
1025.651
1025.702
1025.742
1025.799
1025.89
1025.958
1026.003
1026.072
1026.177
1026.26
1026.298
1026.339
1026.407
1026.46
1026.512
1026.571
1026.589
1026.649
1026.751
1026.839
1026.88
1026.917
1026.971
1027.057
1027.159
1027.195
1027.215
1027.232
1027.233
1027.274
1027.344
1027.367
1027.399
1027.403
1027.394
1027.45
1027.542
1027.587
1027.648
1027.731
1027.724
1027.761
1027.81
1027.828
1027.879
1027.918
1027.939
1027.913
1027.917
1027.893
1027.881
1027.967
1027.973
1028.035
1028.064
1028.109
1028.158
1028.231
1028.336
1028.399
1028.454
1028.539
1028.56
1028.652
1028.701
1028.748
1028.846
1028.89
1029.006
1029.047
1029.035
1029.021
1029.042
1029.13
1029.194
1029.242
1029.353
1029.494
1029.529
1029.605
1029.638
1029.734
1029.764
1029.767
1029.769
1029.815
1029.791
1029.727
1029.678
1029.768
1029.773
1029.741
1029.713
1029.679
1029.604
1029.534
1029.471
1029.46
1029.441
1029.426
1029.453
1029.449
1029.493
1029.413
1029.335
1029.276
1029.244
1029.208
1029.15
1029.079
1029.047
1028.943
1028.89
1028.822
1028.733
1028.732
1028.653
1028.536
1028.475
1028.47
1028.502
1028.578
1028.595
1028.539
1028.405
1028.32
1028.288
1028.245
1028.257
1028.199
1028.193
1028.133
1028.07
1028.041
1027.98
1028.021
1028.033
1027.979
1027.994
1028.031
1028.035
1028.068
1028.087
1028.035
1028.042
1028.046
1028.038
1028.102
1028.122
1028.096
1028.093
1028.016
1027.971
1027.993
1027.913
1027.881
1027.788
1027.689
1027.64
1027.637
1027.639
1027.561
1027.521
1027.47
1027.418
1027.313
1027.295
1027.316
1027.22
1027.168
1027.113
1027.029
1026.966
1026.819
1026.758
1026.664
1026.634
1026.581
1026.43
1026.262
1026.242
1026.169
1026.026
1025.909
1025.876
1025.747
1025.548
1025.471
1025.373
1025.142
1025.016
1024.893
1024.882
1024.881
1024.739
1024.556
1024.473
1024.359
1024.321
1024.193
1024.071
1023.938
1023.868
1023.798
1023.701
1023.536
1023.421
1023.264
1023.161
1023.052
1023.033
1023.044
1023.072
1022.983
1022.854
1022.735
1022.659
1022.584
1022.511
1022.366
1022.138
1022.054
1021.938
1021.711
1021.576
1021.453
1021.447
1021.326
1021.277
1021.228
1021.067
1020.944
1020.679
1020.563
1020.577
1020.58
1020.382
1020.16
1019.89
1019.695
1019.639
1019.479
1019.245
1019.18
1018.988
1018.688
1018.355
1018.264
1018.245
1018.136
1017.959
1017.865
1017.739
1017.573
1017.455
1017.369
1017.112
1017.031
1016.861
1016.699
1016.611
1016.395
1016.231
1016.134
1015.928
1015.737
1015.466
1015.354
1015.189
1015.041
1014.913
1014.81
1014.51
1014.33
1014.133
1014.025
1013.945
1013.868
1013.717
1013.502
1013.319
1013.206
1013.088
1012.955
1012.864
1012.813
1012.693
1012.691
1012.492
1012.495
1012.381
1012.342
1012.236
1012.085
1012.044
1012.097
1012.04
1012.17
1012.128
1011.926
1011.896
1011.869
1011.751
1011.786
1011.816
1011.739
1011.683
1011.62
1011.617
1011.567
1011.463
1011.406
1011.398
1011.348
1011.304
1011.194
1011.167
1011.279
1011.249
1011.183
1011.125
1010.962
1010.942
1010.935
1010.843
1010.737
1010.634
1010.622
1010.616
1010.616
1010.548
1010.486
1010.512
1010.522
1010.54
1010.457
1010.428
1010.441
1010.51
1010.467
1010.532
1010.388
1010.335
1010.403
1010.486
1010.482
1010.398
1010.381
1010.419
1010.332
1010.25
1010.26
1010.313
1010.259
1010.327
1010.371
1010.439
1010.464
1010.56
1010.677
1010.925
1011.009
1010.836
1010.586
1010.725
1010.82
1010.822
1010.745
1010.773
1010.802
1010.794
1010.87
1010.942
1011.015
1011.068
1011.065
1011.022
1011.032
1010.973
1010.89
1010.855
1010.768
1010.812
1010.874
1010.963
1011.078
1011.06
1011.107
1011.078
1011.125
1011.237
1011.296
1011.4
1011.438
1011.535
1011.589
1011.611
1011.655
1011.693
1011.673
1011.725
1011.785
1011.821
1011.822
1011.82
1011.789
1011.746
1011.702
1011.634
1011.627
1011.625
1011.56
1011.541
1011.58
1011.556
1011.61
1011.58
1011.617
1011.64
1011.653
1011.691
1011.724
1011.73
1011.762
1011.864
1011.89
1011.893
1011.871
1011.855
1011.896
1011.904
1011.891
1011.955
1012.06
1012.142
1012.226
1012.246
1012.305
1012.312
1012.277
1012.279
1012.347
1012.414
1012.482
1012.559
1012.562
1012.584
1012.61
1012.59
1012.581
1012.611
1012.608
1012.575
1012.624
1012.652
1012.641
1012.615
1012.555
1012.6
1012.562
1012.514
1012.504
1012.506
1012.44
1012.37
1012.335
1012.286
1012.285
1012.247
1012.204
1012.167
1012.097
1011.994
1011.945
1011.944
1011.947
1011.873
1011.818
1011.832
1011.874
1011.845
1011.777
1011.766
1011.676
1011.576
1011.45
1011.359
1011.293
1011.216
1011.194
1011.209
1011.171
1011.12
1011.146
1011.116
1011.102
1011.167
1011.239
1011.255
1011.215
1011.266
1011.359
1011.408
1011.44
1011.467
1011.58
1011.596
1011.62
1011.692
1011.746
1011.764
1011.813
1011.894
1011.922
1011.989
1012.093
1012.175
1012.255
1012.242
1012.274
1012.336
1012.367
1012.411
1012.53
1012.588
1012.632
1012.699
1012.691
1012.716
1012.74
1012.713
1012.732
1012.838
1012.938
1012.974
1013.03
1013.104
1013.16
1013.214
1013.143
1013.185
1013.327
1013.352
1013.352
1013.382
1013.423
1013.507
1013.663
1013.748
1013.878
1013.904
1013.957
1013.994
1013.947
1014.018
1014.078
1014.154
1014.272
1014.364
1014.442
1014.528
1014.639
1014.71
1014.825
1014.899
1014.995
1015.07
1015.102
1015.129
1015.214
1015.241
1015.283
1015.334
1015.418
1015.514
1015.596
1015.674
1015.844
1015.993
1016.005
1016.017
1016.128
1016.185
1016.154
1016.18
1016.215
1016.263
1016.225
1016.221
1016.207
1016.214
1016.177
1016.147
1016.109
1016.102
1016.141
1016.162
1016.116
1016.137
1016.202
1016.159
1016.157
1016.163
1016.163
1016.223
1016.264
1016.301
1016.28
1016.236
1016.223
1016.23
1016.18
1016.196
1016.234
1016.272
1016.305
1016.357
1016.347
1016.348
1016.4
1016.486
1016.534
1016.552
1016.482
1016.511
1016.493
1016.469
1016.404
1016.375
1016.465
1016.484
1016.586
1016.613
1016.552
1016.647
1016.801
1016.762
1016.74
1016.758
1016.853
1016.826
1016.829
1016.883
1016.878
1016.922
1016.944
1016.956
1016.947
1016.991
1017.005
1017.026
1017.046
1017.092
1017.097
1017.165
1017.225
1017.233
1017.205
1017.159
1017.231
1017.249
1017.323
1017.378
1017.374
1017.317
1017.335
1017.357
1017.366
1017.37
1017.42
1017.382
1017.462
1017.534
1017.513
1017.506
1017.517
1017.536
1017.582
1017.623
1017.603
1017.611
1017.652
1017.715
1017.772
1017.804
1017.808
1017.784
1017.747
1017.703
1017.706
1017.741
1017.702
1017.645
1017.578
1017.592
1017.562
1017.58
1017.534
1017.533
1017.606
1017.644
1017.663
1017.641
1017.675
1017.746
1017.822
1017.817
1017.801
1017.793
1017.709
1017.67
1017.672
1017.66
1017.694
1017.709
1017.758
1017.816
1017.851
1017.877
1017.917
1017.98
1018.056
1018.068
1018.051
1018.057
1018.082
1018.039
1018.015
1018.01
1017.944
1017.871
1017.84
1017.785
1017.775
1017.775
1017.811
1017.811
1017.775
1017.753
1017.699
1017.67
1017.703
1017.625
1017.461
1017.418
1017.39
1017.326
1017.219
1017.154
1017.108
1017.094
1017.041
1016.938
1016.892
1016.881
1016.852
1016.793
1016.785
1016.726
1016.644
1016.589
1016.545
1016.477
1016.495
1016.491
1016.465
1016.429
1016.42
1016.315
1016.284
1016.253
1016.212
1016.173
1016.082
1016.033
1015.995
1015.934
1015.916
1015.941
1016.01
1016.009
1016.032
1016.017
1016.008
1016.034
1016.068
1016.073
1016.13
1016.11
1016.117
1016.133
1016.076
1016.091
1016.102
1016.082
1016.005
1016.006
1016.023
1016.07
1016.086
1016.13
1016.184
1016.219
1016.235
1016.199
1016.157
1016.222
1016.235
1016.232
1016.256
1016.312
1016.381
1016.362
1016.367
1016.34
1016.372
1016.355
1016.349
1016.401
1016.475
1016.625
1016.671
1016.722
1016.666
1016.766
1016.796
1016.886
1016.864
1016.853
1016.836
1016.844
1016.906
1016.964
1017.034
1017.031
1017.047
1017.064
1017.084
1017.116
1017.173
1017.2
1017.18
1017.19
1017.229
1017.247
1017.273
1017.239
1017.267
1017.28
1017.29
1017.347
1017.431
1017.447
1017.523
1017.569
1017.508
1017.47
1017.49
1017.546
1017.567
1017.55
1017.574
1017.63
1017.705
1017.777
1017.837
1017.928
1018.013
1018.058
1018.135
1018.052
1018.052
1018.114
1018.131
1018.107
1018.088
1018.146
1018.128
1018.101
1018.133
1018.068
1018.027
1018.02
1018.055
1018.037
1018.041
1018.062
1018.065
1018.074
1018.113
1018.048
1018.006
1017.935
1017.905
1017.89
1017.894
1017.904
1017.879
1017.824
1017.754
1017.76
1017.745
1017.793
1017.877
1017.907
1017.953
1018.003
1018.02
1017.992
1017.954
1017.896
1017.929
1017.944
1017.919
1017.928
1017.823
1017.813
1017.868
1017.892
1017.901
1017.899
1017.959
1018.016
1018.05
1018.139
1018.202
1018.282
1018.311
1018.334
1018.385
1018.428
1018.456
1018.489
1018.478
1018.495
1018.491
1018.517
1018.563
1018.595
1018.655
1018.677
1018.709
1018.769
1018.776
1018.864
1018.861
1018.883
1018.956
1019.001
1019.005
1019.017
1019.072
1019.19
1019.229
1019.248
1019.302
1019.331
1019.302
1019.319
1019.288
1019.306
1019.339
1019.323
1019.279
1019.293
1019.263
1019.366
1019.417
1019.48
1019.472
1019.513
1019.565
1019.583
1019.657
1019.647
1019.625
1019.633
1019.63
1019.606
1019.555
1019.563
1019.563
1019.629
1019.589
1019.636
1019.675
1019.699
1019.708
1019.726
1019.735
1019.765
1019.814
1019.802
1019.9
1019.924
1019.904
1019.915
1019.947
1019.966
1019.976
1020.014
1020.015
1020.022
1020.117
1020.158
1020.209
1020.362
1020.44
1020.534
1020.7
1020.742
1020.721
1020.717
1020.747
1020.711
1020.788
1020.838
1020.852
1020.926
1020.946
1020.949
1020.99
1020.958
1020.891
1020.826
1020.848
1020.851
1020.837
1020.89
1020.941
1021.058
1021.119
1021.115
1021.118
1021.154
1021.16
1021.215
1021.214
1021.131
1021.139
1021.16
1021.113
1021.159
1021.111
1021.089
1021.145
1021.196
1021.261
1021.287
1021.282
1021.299
1021.252
1021.239
1021.239
1021.298
1021.255
1021.253
1021.337
1021.321
1021.269
1021.299
1021.313
1021.284
1021.278
1021.304
1021.368
1021.428
1021.485
1021.593
1021.637
1021.67
1021.704
1021.719
1021.778
1021.878
1021.94
1021.948
1021.997
1022.069
1022.123
1022.201
1022.2
1022.193
1022.203
1022.193
1022.161
1022.196
1022.243
1022.349
1022.472
1022.56
1022.591
1022.617
1022.632
1022.672
1022.633
1022.632
1022.685
1022.785
1022.815
1022.798
1022.818
1022.843
1022.81
1022.841
1022.884
1022.9
1022.882
1022.96
1022.972
1022.995
1023.013
1022.995
1023.096
1023.051
1023.075
1023.055
1023.163
1023.121
1023.089
1023.075
1023.029
1022.961
1022.87
1022.787
1022.703
1022.677
1022.634
1022.668
1022.724
1022.738
1022.662
1022.647
1022.559
1022.526
1022.584
1022.594
1022.61
1022.645
1022.598
1022.581
1022.59
1022.591
1022.658
1022.723
1022.776
1022.856
1022.849
1022.852
1022.998
1023.135
1023.251
1023.366
1023.481
1023.618
1023.677
1023.753
1023.829
1023.914
1023.985
1024.062
1024.067
1024.097
1024.149
1024.232
1024.323
1024.394
1024.406
1024.463
1024.492
1024.608
1024.729
1024.824
1024.839
1024.9
1024.912
1024.944
1024.992
1025.084
1025.114
1025.102
1025.09
1025.1
1025.06
1025.157
1025.22
1025.348
1025.472
1025.497
1025.53
1025.52
1025.513
1025.524
1025.604
1025.632
1025.63
1025.708
1025.732
1025.69
1025.599
1025.594
1025.557
1025.52
1025.445
1025.358
1025.379
1025.455
1025.555
1025.578
1025.611
1025.668
1025.679
1025.711
1025.714
1025.744
1025.817
1025.922
1025.99
1026.121
1026.196
1026.227
1026.26
1026.299
1026.426
1026.455
1026.446
1026.428
1026.407
1026.46
1026.471
1026.482
1026.509
1026.603
1026.717
1026.794
1026.847
1026.854
1026.868
1026.865
1026.784
1026.709
1026.797
1026.806
1026.806
1026.845
1026.782
1026.795
1026.879
1026.881
1026.828
1026.787
1026.787
1026.732
1026.694
1026.717
1026.764
1026.784
1026.746
1026.745
1026.68
1026.624
1026.56
1026.517
1026.45
1026.344
1026.313
1026.22
1026.18
1026.165
1026.096
1026.029
1026.031
1025.961
1025.954
1025.944
1025.907
1025.872
1025.843
1025.859
1025.852
1025.818
1025.895
1025.917
1025.927
1025.882
1025.972
1025.99
1025.969
1025.95
1025.992
1026.049
1026.117
1026.148
1026.223
1026.341
1026.411
1026.558
1026.669
1026.734
1026.788
1026.831
1026.889
1026.841
1026.825
1026.845
1026.836
1026.825
1026.876
1026.945
1027.003
1027.082
1027.065
1027.06
1027.078
1027.13
1027.124
1027.144
1027.181
1027.135
1027.129
1027.107
1027.087
1027.09
1027.087
1027.185
1027.272
1027.249
1027.214
1027.158
1027.097
1027.042
1027.046
1027.029
1026.997
1026.991
1026.907
1026.882
1026.86
1026.855
1026.794
1026.801
1026.894
1026.906
1026.819
1026.814
1026.802
1026.766
1026.669
1026.643
1026.672
1026.712
1026.81
1026.845
1026.877
1026.9
1026.89
1026.88
1026.912
1026.948
1026.964
1026.998
1027.051
1027.063
1027.073
1027.13
1027.163
1027.184
1027.269
1027.37
1027.384
1027.435
1027.471
1027.533
1027.65
1027.767
1027.86
1027.874
1027.841
1027.826
1027.897
1027.893
1027.879
1027.868
1027.824
1027.812
1027.852
1027.961
1028.066
1028.163
1028.239
1028.245
1028.22
1028.274
1028.274
1028.266
1028.269
1028.418
1028.401
1028.325
1028.276
1028.252
1028.238
1028.297
1028.327
1028.291
1028.214
1028.125
1028.017
1027.852
1027.739
1027.602
1027.516
1027.474
1027.444
1027.452
1027.374
1027.303
1027.233
1027.177
1027.145
1027.079
1027.043
1027.069
1027.04
1027.013
1026.84
1026.691
1026.65
1026.575
1026.439
1026.353
1026.306
1026.193
1026.092
1026.06
1025.977
1025.911
1025.933
1025.958
1025.891
1025.871
1025.848
1025.834
1025.791
1025.728
1025.669
1025.675
1025.607
1025.579
1025.52
1025.512
1025.482
1025.325
1025.232
1025.159
1025.175
1025.094
1025.095
1025.18
1025.182
1025.172
1025.118
1025.082
1025.061
1025.034
1025.018
1024.98
1024.937
1024.872
1024.785
1024.701
1024.598
1024.522
1024.393
1024.319
1024.263
1024.128
1024.028
1023.948
1023.902
1023.799
1023.673
1023.546
1023.523
1023.483
1023.384
1023.276
1023.231
1023.191
1023.065
1022.952
1022.922
1022.901
1022.846
1022.814
1022.755
1022.58
1022.418
1022.3
1022.254
1022.209
1022.204
1022.125
1022.083
1022.046
1022.003
1021.953
1021.941
1021.934
1021.905
1021.813
1021.774
1021.753
1021.692
1021.675
1021.695
1021.671
1021.566
1021.544
1021.563
1021.557
1021.503
1021.489
1021.505
1021.512
1021.455
1021.427
1021.431
1021.379
1021.356
1021.349
1021.329
1021.253
1021.156
1021.049
1021.039
1021.005
1020.866
1020.802
1020.754
1020.68
1020.676
1020.603
1020.565
1020.5
1020.473
1020.483
1020.384
1020.33
1020.342
1020.291
1020.275
1020.279
1020.199
1020.173
1020.059
1019.937
1019.846
1019.802
1019.768
1019.724
1019.647
1019.547
1019.508
1019.462
1019.424
1019.367
1019.299
1019.239
1019.192
1019.132
1019.101
1019.083
1019.023
1019.004
1019.047
1019.094
1019.077
1019.095
1019.139
1019.102
1019.067
1019.078
1019.131
1019.149
1019.097
1019.097
1019.111
1019.179
1019.304
1019.447
1019.522
1019.529
1019.528
1019.522
1019.579
1019.644
1019.603
1019.579
1019.599
1019.559
1019.606
1019.622
1019.612
1019.619
1019.599
1019.565
1019.538
1019.56
1019.523
1019.462
1019.501
1019.529
1019.509
1019.528
1019.52
1019.492
1019.414
1019.381
1019.374
1019.421
1019.397
1019.389
1019.378
1019.405
1019.409
1019.399
1019.354
1019.281
1019.192
1019.081
1019.028
1019.036
1018.965
1018.942
1018.927
1018.908
1018.949
1018.958
1018.955
1018.962
1018.982
1018.906
1018.874
1018.981
1018.995
1018.941
1018.956
1018.977
1018.949
1018.943
1018.911
1018.894
1018.857
1018.931
1018.999
1019.027
1019.037
1019.071
1019.041
1019.065
1019.083
1019.177
1019.162
1019.243
1019.281
1019.284
1019.301
1019.36
1019.406
1019.504
1019.567
1019.595
1019.639
1019.647
1019.683
1019.726
1019.746
1019.782
1019.831
1019.855
1019.776
1019.688
1019.626
1019.625
1019.705
1019.729
1019.736
1019.711
1019.634
1019.68
1019.707
1019.805
1019.877
1019.888
1019.838
1019.789
1019.703
1019.652
1019.625
1019.651
1019.585
1019.527
1019.51
1019.5
1019.481
1019.385
1019.387
1019.453
1019.438
1019.419
1019.403
1019.35
1019.374
1019.457
1019.422
1019.432
1019.439
1019.499
1019.619
1019.685
1019.733
1019.805
1019.907
1020.037
1020.129
1020.265
1020.436
1020.579
1020.724
1020.788
1020.844
1020.953
1021.061
1021.137
1021.165
1021.21
1021.285
1021.328
1021.365
1021.44
1021.487
1021.487
1021.516
1021.542
1021.632
1021.691
1021.757
1021.821
1021.909
1021.984
1022.073
1022.136
1022.179
1022.209
1022.264
1022.307
1022.365
1022.408
1022.379
1022.354
1022.282
1022.259
1022.267
1022.32
1022.364
1022.4
1022.504
1022.563
1022.617
1022.645
1022.67
1022.727
1022.735
1022.75
1022.845
1022.826
1022.8
1022.834
1022.807
1022.829
1022.822
1022.796
1022.814
1022.783
1022.816
1022.825
1022.839
1022.834
1022.879
1022.983
1023.075
1023.16
1023.187
1023.182
1023.29
1023.324
1023.403
1023.457
1023.502
1023.567
1023.592
1023.616
1023.63
1023.614
1023.603
1023.673
1023.729
1023.72
1023.773
1023.833
1023.862
1023.934
1023.992
1024.057
1024.167
1024.163
1024.101
1024.098
1024.059
1024.004
1023.976
1023.961
1023.968
1023.877
1023.818
1023.818
1023.809
1023.786
1023.756
1023.738
1023.782
1023.758
1023.746
1023.709
1023.699
1023.676
1023.632
1023.58
1023.499
1023.429
1023.413
1023.349
1023.239
1023.137
1023.06
1023.089
1023.117
1023.063
1023.07
1023.074
1023.048
1023.113
1023.094
1023.052
1023.027
1023.032
1023.006
1022.998
1023.015
1023.093
1023.139
1023.145
1023.252
1023.337
1023.43
1023.441
1023.432
1023.487
1023.612
1023.697
1023.797
1023.903
1023.891
1023.916
1023.961
1023.975
1024.001
1024.05
1024.058
1024.046
1024.117
1024.063
1024.058
1024.09
1024.039
1023.928
1023.924
1023.893
1023.94
1023.949
1023.971
1023.99
1024.039
1024.042
1024.075
1024.146
1024.191
1024.23
1024.233
1024.266
1024.316
1024.3
1024.236
1024.081
1023.95
1023.865
1023.805
1023.826
1023.787
1023.718
1023.761
1023.708
1023.777
1023.838
1023.684
1023.719
1023.726
1023.633
1023.67
1023.702
1023.801
1023.834
1023.794
1023.791
1023.767
1023.691
1023.612
1023.591
1023.646
1023.658
1023.73
1023.767
1023.755
1023.82
1023.862
1023.974
1024.036
1024.069
1024.089
1024.145
1024.28
1024.299
1024.285
1024.276
1024.339
1024.374
1024.351
1024.314
1024.34
1024.326
1024.436
1024.498
1024.488
1024.535
1024.614
1024.68
1024.719
1024.701
1024.707
1024.712
1024.709
1024.703
1024.664
1024.566
1024.513
1024.443
1024.402
1024.423
1024.415
1024.431
1024.388
1024.403
1024.377
1024.331
1024.334
1024.356
1024.349
1024.315
1024.357
1024.39
1024.393
1024.367
1024.375
1024.317
1024.263
1024.233
1024.129
1024.055
1024.076
1024.138
1024.149
1024.065
1024.007
1023.881
1023.768
1023.72
1023.775
1023.744
1023.713
1023.729
1023.753
1023.76
1023.744
1023.802
1023.853
1023.821
1023.785
1023.884
1023.895
1023.844
1023.916
1024.005
1024.03
1024.175
1024.329
1024.381
1024.455
1024.455
1024.403
1024.425
1024.545
1024.504
1024.439
1024.365
1024.433
1024.568
1024.633
1024.609
1024.578
1024.601
1024.637
1024.691
1024.651
1024.615
1024.563
1024.576
1024.535
1024.5
1024.515
1024.486
1024.53
1024.549
1024.577
1024.581
1024.618
1024.542
1024.445
1024.464
1024.502
1024.44
1024.467
1024.444
1024.354
1024.341
1024.268
1024.228
1024.276
1024.31
1024.223
1024.243
1024.315
1024.346
1024.34
1024.351
1024.313
1024.142
1024.067
1024.183
1024.256
1024.25
1024.207
1024.228
1024.266
1024.467
1024.513
1024.546
1024.622
1024.614
1024.612
1024.666
1024.713
1024.745
1024.78
1024.777
1024.815
1024.854
1024.831
1024.874
1024.918
1024.927
1024.984
1025.019
1025.138
1025.199
1025.245
1025.182
1025.259
1025.329
1025.427
1025.517
1025.529
1025.504
1025.499
1025.517
1025.493
1025.315
1025.271
1025.283
1025.262
1025.222
1025.195
1025.135
1025.077
1025.029
1024.964
1024.924
1024.923
1024.844
1024.753
1024.7
1024.69
1024.636
1024.643
1024.643
1024.583
1024.494
1024.443
1024.386
1024.317
1024.211
1024.135
1024.034
1023.973
1023.936
1023.926
1023.924
1023.843
1023.813
1023.803
1023.698
1023.631
1023.625
1023.541
1023.467
1023.38
1023.327
1023.305
1023.291
1023.199
1023.054
1022.975
1022.946
1022.915
1022.897
1022.89
1022.889
1022.961
1023.016
1023.132
1023.202
1023.225
1023.283
1023.351
1023.378
1023.381
1023.383
1023.424
1023.453
1023.459
1023.364
1023.37
1023.365
1023.335
1023.32
1023.303
1023.302
1023.269
1023.182
1023.125
1023.09
1023.082
1023.085
1023.053
1023.016
1023.06
1023.026
1022.967
1022.927
1022.934
1022.93
1022.929
1022.852
1022.824
1022.767
1022.697
1022.64
1022.596
1022.589
1022.541
1022.487
1022.461
1022.389
1022.34
1022.316
1022.275
1022.3
1022.31
1022.328
1022.329
1022.253
1022.203
1022.124
1021.989
1021.909
1021.836
1021.788
1021.816
1021.802
1021.789
1021.79
1021.807
1021.783
1021.806
1021.86
1021.888
1021.929
1021.921
1021.962
1021.956
1021.972
1021.966
1021.889
1021.855
1021.805
1021.748
1021.691
1021.602
1021.571
1021.588
1021.566
1021.447
1021.353
1021.302
1021.254
1021.239
1021.238
1021.202
1021.152
1021.059
1020.969
1020.872
1020.758
1020.676
1020.62
1020.507
1020.36
1020.245
1020.16
1020.068
1019.947
1019.876
1019.836
1019.786
1019.728
1019.631
1019.509
1019.443
1019.31
1019.215
1019.135
1019.027
1018.905
1018.814
1018.689
1018.529
1018.412
1018.315
1018.178
1018.054
1017.913
1017.841
1017.729
1017.596
1017.506
1017.375
1017.302
1017.235
1017.109
1017.017
1016.942
1016.888
1016.86
1016.758
1016.638
1016.558
1016.464
1016.444
1016.441
1016.408
1016.396
1016.462
1016.472
1016.491
1016.504
1016.477
1016.451
1016.492
1016.492
1016.468
1016.464
1016.432
1016.435
1016.435
1016.465
1016.445
1016.343
1016.228
1016.212
1016.217
1016.19
1016.179
1016.121
1016.054
1016.003
1015.909
1015.832
1015.782
1015.793
1015.758
1015.716
1015.697
1015.693
1015.6
1015.543
1015.425
1015.344
1015.243
1015.167
1015.105
1015.001
1014.938
1014.926
1014.867
1014.797
1014.768
1014.779
1014.764
1014.725
1014.665
1014.625
1014.586
1014.483
1014.353
1014.256
1014.154
1014.04
1013.964
1013.868
1013.784
1013.721
1013.663
1013.57
1013.515
1013.464
1013.389
1013.353
1013.352
1013.311
1013.294
1013.222
1013.15
1013.1
1013.019
1013.045
1012.973
1012.954
1012.94
1013.011
1013.048
1012.979
1012.989
1012.951
1012.972
1012.927
1012.916
1012.927
1012.961
1012.976
1012.944
1012.843
1012.737
1012.659
1012.55
1012.456
1012.405
1012.39
1012.332
1012.219
1012.135
1012.067
1012.016
1011.973
1011.878
1011.864
1011.784
1011.733
1011.659
1011.586
1011.518
1011.434
1011.264
1011.21
1011.105
1011.038
1010.969
1010.881
1010.852
1010.791
1010.79
1010.725
1010.712
1010.628
1010.552
1010.522
1010.527
1010.519
1010.497
1010.41
1010.344
1010.329
1010.214
1010.186
1010.141
1010.127
1010.111
1010.066
1010.03
1009.962
1009.936
1009.928
1009.972
1010.012
1010.073
1010.178
1010.228
1010.234
1010.239
1010.27
1010.351
1010.418
1010.427
1010.467
1010.504
1010.555
1010.602
1010.6
1010.658
1010.654
1010.674
1010.698
1010.668
1010.692
1010.724
1010.733
1010.752
1010.757
1010.736
1010.726
1010.75
1010.771
1010.793
1010.81
1010.811
1010.766
1010.744
1010.723
1010.69
1010.679
1010.679
1010.7
1010.661
1010.606
1010.654
1010.658
1010.757
1010.675
1010.612
1010.572
1010.601
1010.679
1010.617
1010.664
1010.747
1010.876
1010.914
1010.935
1011.086
1011.08
1011.047
1011.018
1011.005
1010.962
1010.93
1010.92
1010.849
1010.777
1010.821
1010.851
1010.866
1010.887
1011.114
1011.416
1011.516
1011.355
1011.348
1011.59
1011.829
1011.683
1012.161
1012.571
1012.783
1012.149
1011.944
1012.249
1012.459
1012.653
1012.822
1012.971
1013.025
1012.989
1013.147
1013.405
1013.655
1013.627
1013.371
1013.208
1013.097
1012.947
1012.963
1012.982
1013.182
1013.157
1013.278
1013.28
1013.265
1013.238
1013.146
1013.119
1013.226
1013.243
1013.258
1013.25
1013.256
1013.188
1013.143
1013.045
1012.966
1012.988
1012.97
1012.958
1013.003
1012.909
1012.821
1012.732
1012.765
1012.788
1012.697
1012.612
1012.618
1012.627
1012.628
1012.718
1012.679
1012.583
1012.488
1012.577
1012.73
1012.748
1012.652
1012.665
1012.711
1012.586
1012.524
1012.447
1012.465
1012.561
1012.767
1012.839
1012.826
1012.853
1012.863
1013.009
1013.132
1013.349
1013.385
1014.268
1014.589
1014.138
1014.076
1014.091
1014.066
1013.968
1013.837
1013.87
1013.813
1013.973
1014.035
1014.069
1014.108
1013.965
1013.904
1013.927
1013.88
1013.77
1013.695
1013.586
1013.605
1013.607
1013.594
1013.663
1013.62
1013.579
1013.578
1013.653
1013.604
1013.561
1013.543
1013.599
1013.577
1013.506
1013.455
1013.399
1013.446
1013.585
1013.714
1013.791
1013.8
1013.759
1013.743
1013.798
1013.854
1013.876
1013.955
1013.946
1013.911
1013.924
1013.928
1013.895
1013.928
1014.027
1014.005
1014.042
1014.083
1014.09
1014.119
1014.117
1014.098
1014.116
1014.194
1014.235
1014.346
1014.38
1014.432
1014.424
1014.39
1014.435
1014.512
1014.585
1014.603
1014.61
1014.631
1014.663
1014.742
1014.81
1014.796
1014.815
1014.926
1015.056
1015.167
1015.19
1015.255
1015.223
1015.193
1015.167
1015.145
1015.088
1015.048
1015.012
1015.003
1014.993
1014.922
1014.848
1014.841
1014.855
1014.873
1014.861
1014.826
1014.728
1014.631
1014.569
1014.603
1014.62
1014.614
1014.612
1014.53
1014.574
1014.58
1014.605
1014.672
1014.6
1014.606
1014.627
1014.676
1014.747
1014.787
1014.836
1014.823
1014.825
1014.826
1014.843
1014.837
1014.835
1014.789
1014.737
1014.752
1014.83
1014.86
1014.864
1014.862
1014.864
1014.901
1014.897
1014.914
1014.96
1014.977
1014.982
1015.035
1015.088
1015.164
1015.139
1015.173
1015.229
1015.232
1015.232
1015.22
1015.241
1015.228
1015.227
1015.235
1015.265
1015.207
1015.178
1015.248
1015.328
1015.318
1015.293
1015.32
1015.334
1015.38
1015.454
1015.491
1015.475
1015.42
1015.39
1015.423
1015.38
1015.364
1015.334
1015.324
1015.299
1015.279
1015.22
1015.127
1015.079
1015.156
1015.212
1015.172
1015.088
1015.075
1015.031
1015.016
1015.091
1015.112
1015.157
1015.156
1015.253
1015.293
1015.265
1015.256
1015.169
1015.167
1015.22
1015.19
1015.207
1015.23
1015.232
1015.254
1015.344
1015.344
1015.394
1015.488
1015.474
1015.506
1015.562
1015.646
1015.664
1015.703
1015.709
1015.695
1015.707
1015.704
1015.682
1015.674
1015.753
1015.747
1015.735
1015.762
1015.851
1015.965
1016.001
1016.001
1016.058
1015.96
1015.953
1015.958
1016.042
1016.132
1016.187
1016.231
1016.261
1016.204
1016.203
1016.218
1016.154
1016.044
1016.036
1015.951
1015.912
1015.861
1015.872
1015.874
1015.85
1015.81
1015.763
1015.754
1015.731
1015.634
1015.572
1015.52
1015.45
1015.386
1015.333
1015.336
1015.284
1015.307
1015.237
1015.229
1015.267
1015.334
1015.509
1015.483
1015.494
1015.431
1015.414
1015.445
1015.458
1015.5
1015.516
1015.472
1015.418
1015.41
1015.418
1015.418
1015.414
1015.402
1015.434
1015.514
1015.527
1015.546
1015.695
1015.802
1015.931
1015.985
1016.038
1016.078
1016.113
1016.161
1016.162
1016.226
1016.294
1016.375
1016.451
1016.501
1016.481
1016.473
1016.494
1016.461
1016.487
1016.484
1016.446
1016.443
1016.473
1016.466
1016.429
1016.405
1016.372
1016.298
1016.34
1016.403
1016.404
1016.405
1016.421
1016.448
1016.469
1016.46
1016.461
1016.407
1016.425
1016.386
1016.393
1016.418
1016.4
1016.418
1016.486
1016.524
1016.527
1016.593
1016.679
1016.749
1016.837
1016.895
1016.973
1016.999
1017.003
1016.989
1017.005
1016.996
1016.966
1016.975
1016.956
1016.947
1016.932
1016.96
1017.06
1017.09
1017.174
1017.254
1017.352
1017.41
1017.445
1017.554
1017.602
1017.632
1017.745
1017.901
1018.034
1018.113
1018.214
1018.281
1018.366
1018.44
1018.489
1018.612
1018.699
1018.866
1019.093
1019.157
1019.181
1019.2
1019.238
1019.273
1019.233
1019.184
1019.151
1019.126
1019.165
1019.205
1019.242
1019.267
1019.262
1019.329
1019.336
1019.345
1019.3
1019.303
1019.296
1019.242
1019.212
1019.238
1019.244
1019.157
1019.078
1019.023
1018.986
1018.946
1018.931
1018.891
1018.86
1018.804
1018.792
1018.818
1018.814
1018.769
1018.803
1018.766
1018.746
1018.725
1018.683
1018.645
1018.582
1018.629
1018.655
1018.612
1018.569
1018.616
1018.615
1018.597
1018.543
1018.62
1018.662
1018.658
1018.691
1018.76
1018.816
1018.835
1018.881
1018.964
1019.092
1019.208
1019.281
1019.29
1019.337
1019.339
1019.316
1019.295
1019.258
1019.249
1019.252
1019.253
1019.202
1019.233
1019.273
1019.305
1019.265
1019.266
1019.223
1019.217
1019.212
1019.21
1019.211
1019.203
1019.168
1019.187
1019.142
1019.061
1019.009
1019.07
1019.069
1019.072
1019.091
1019.031
1019.043
1019.001
1018.938
1018.922
1018.963
1018.932
1018.912
1018.83
1018.792
1018.792
1018.78
1018.7
1018.644
1018.628
1018.615
1018.645
1018.607
1018.596
1018.543
1018.546
1018.592
1018.61
1018.627
1018.603
1018.471
1018.472
1018.447
1018.38
1018.29
1018.228
1018.243
1018.311
1018.346
1018.367
1018.378
1018.388
1018.386
1018.335
1018.403
1018.31
1018.252
1018.142
1018.111
1018.146
1018.121
1018.18
1018.149
1018.117
1018.162
1018.216
1018.142
1018.046
1018.088
1018.174
1018.08
1017.993
1017.897
1017.774
1017.72
1017.679
1017.679
1017.644
1017.607
1017.575
1017.494
1017.428
1017.429
1017.329
1017.195
1017.088
1016.969
1016.987
1016.943
1016.811
1016.655
1016.475
1016.387
1016.331
1016.215
1016.228
1016.212
1016.122
1016.154
1016.151
1016.025
1015.915
1015.819
1015.79
1015.799
1015.766
1015.693
1015.624
1015.563
1015.562
1015.588
1015.539
1015.588
1015.612
1015.596
1015.581
1015.622
1015.58
1015.518
1015.498
1015.554
1015.522
1015.472
1015.38
1015.396
1015.418
1015.358
1015.29
1015.226
1015.116
1015.104
1015.112
1015.116
1015.032
1014.982
1014.977
1014.933
1014.941
1014.986
1015.006
1014.874
1014.707
1014.644
1014.699
1014.674
1014.59
1014.518
1014.522
1014.469
1014.294
1014.204
1014.212
1014.106
1014.044
1013.972
1013.832
1013.72
1013.617
1013.655
1013.613
1013.324
1013.258
1013.188
1013.105
1013.092
1013.16
1013.069
1012.986
1012.893
1012.863
1012.822
1012.778
1012.765
1012.753
1012.714
1012.52
1012.386
1012.382
1012.399
1012.193
1011.96
1011.97
1012.025
1011.948
1011.853
1011.749
1011.719
1011.678
1011.604
1011.726
1011.687
1011.628
1011.553
1011.518
1011.421
1011.401
1011.5
1011.578
1011.678
1011.756
1011.81
1011.813
1011.805
1011.803
1011.768
1011.789
1011.935
1011.898
1011.901
1011.877
1011.806
1011.705
1011.608
1011.492
1011.369
1011.274
1011.156
1010.975
1010.88
1010.853
1010.871
1010.864
1010.802
1010.705
1010.694
1010.639
1010.663
1010.61
1010.62
1010.677
1010.729
1010.615
1010.532
1010.399
1010.16
1009.79
1009.437
1009.516
1009.351
1009.216
1009.168
1009.406
1009.598
1009.685
1009.724
1009.709
1009.509
1009.401
1009.331
1009.22
1009.267
1009.262
1009.115
1009.133
1009.013
1008.942
1008.903
1008.979
1009.133
1009.174
1009.185
1009.224
1009.251
1009.19
1009.086
1009.099
1009.264
1009.28
1009.358
1009.444
1009.466
1009.428
1009.43
1009.487
1009.614
1009.622
1009.654
1009.711
1009.71
1009.65
1009.739
1009.807
1009.842
1009.886
1009.858
1009.811
1009.817
1009.902
1009.924
1010.027
1010.109
1010.133
1010.146
1010.197
1010.244
1010.281
1010.301
1010.355
1010.437
1010.472
1010.543
1010.574
1010.606
1010.641
1010.694
1010.725
1010.689
1010.716
1010.774
1010.801
1010.826
1010.817
1010.776
1010.894
1010.958
1010.964
1011.037
1011.08
1011.097
1011.139
1011.152
1011.129
1011.173
1011.226
1011.248
1011.251
1011.334
1011.342
1011.391
1011.4
1011.434
1011.41
1011.445
1011.454
1011.48
1011.487
1011.514
1011.609
1011.672
1011.638
1011.674
1011.745
1011.805
1011.877
1011.968
1011.969
1011.997
1012.05
1012.041
1012.096
1012.133
1012.162
1012.067
1011.996
1012.001
1012.006
1012.055
1012.055
1012.078
1012.089
1012.046
1012.033
1012.076
1012.102
1012.126
1012.093
1012.167
1012.137
1012.153
1012.149
1012.197
1012.231
1012.309
1012.313
1012.275
1012.486
1012.378
1012.288
1012.209
1012.265
1012.219
1012.149
1012.107
1012.094
1012.149
1012.104
1012.084
1012.064
1012.05
1012.089
1012.073
1012.087
1012.108
1012.222
1012.317
1012.355
1012.38
1012.494
1012.519
1012.476
1012.447
1012.344
1012.429
1012.5
1012.499
1012.556
1012.523
1012.515
1012.554
1012.651
1012.697
1012.71
1012.809
1012.877
1012.955
1012.959
1012.965
1012.985
1013.046
1013.099
1013.166
1013.214
1013.262
1013.264
1013.193
1013.226
1013.288
1013.307
1013.297
1013.305
1013.326
1013.372
1013.48
1013.444
1013.413
1013.449
1013.452
1013.541
1013.604
1013.63
1013.63
1013.706
1013.739
1013.796
1013.755
1013.688
1013.658
1013.629
1013.603
1013.583
1013.606
1013.58
1013.526
1013.507
1013.488
1013.491
1013.462
1013.439
1013.419
1013.402
1013.386
1013.424
1013.375
1013.332
1013.383
1013.444
1013.387
1013.407
1013.426
1013.491
1013.572
1013.6
1013.732
1013.781
1013.772
1013.809
1013.829
1013.865
1013.844
1013.845
1013.868
1013.879
1013.911
1013.982
1014.024
1013.992
1013.94
1013.952
1013.948
1013.96
1014.036
1014.11
1014.181
1014.205
1014.277
1014.309
1014.345
1014.366
1014.436
1014.413
1014.38
1014.399
1014.385
1014.371
1014.395
1014.404
1014.446
1014.437
1014.47
1014.518
1014.495
1014.474
1014.522
1014.52
1014.474
1014.477
1014.438
1014.409
1014.469
1014.471
1014.481
1014.512
1014.425
1014.442
1014.411
1014.414
1014.422
1014.468
1014.43
1014.42
1014.375
1014.312
1014.247
1014.228
1014.238
1014.253
1014.228
1014.186
1014.226
1014.239
1014.221
1014.329
1014.325
1014.307
1014.335
1014.325
1014.318
1014.352
1014.398
1014.405
1014.476
1014.557
1014.666
1014.72
1014.8
1014.849
1014.862
1014.905
1014.993
1015.081
1015.146
1015.19
1015.213
1015.236
1015.292
1015.29
1015.25
1015.236
1015.268
1015.334
1015.34
1015.349
1015.399
1015.412
1015.449
1015.421
1015.429
1015.416
1015.427
1015.417
1015.42
1015.467
1015.475
1015.504
1015.537
1015.483
1015.611
1015.643
1015.67
1015.684
1015.725
1015.785
1015.8
1015.751
1015.763
1015.823
1015.842
1015.873
1015.94
1015.92
1015.899
1015.881
1015.912
1015.919
1015.898
1015.924
1015.879
1015.882
1015.899
1015.953
1016.02
1016.035
1016.008
1016.075
1016.146
1016.211
1016.291
1016.391
1016.483
1016.566
1016.63
1016.679
1016.638
1016.67
1016.762
1016.889
1016.942
1017.007
1017.104
1017.16
1017.199
1017.244
1017.32
1017.343
1017.38
1017.43
1017.513
1017.546
1017.604
1017.654
1017.765
1017.842
1017.908
1017.887
1017.921
1017.999
1018.016
1018.049
1018.059
1018.053
1018.062
1018.06
1018.113
1018.237
1018.298
1018.387
1018.445
1018.497
1018.536
1018.523
1018.513
1018.525
1018.537
1018.546
1018.528
1018.472
1018.486
1018.446
1018.446
1018.479
1018.497
1018.443
1018.386
1018.337
1018.308
1018.298
1018.295
1018.339
1018.336
1018.329
1018.32
1018.315
1018.333
1018.393
1018.463
1018.559
1018.592
1018.639
1018.656
1018.648
1018.764
1018.861
1018.923
1019.003
1019.123
1019.273
1019.36
1019.398
1019.475
1019.573
1019.686
1019.748
1019.794
1019.87
1019.926
1019.964
1020.057
1020.15
1020.166
1020.211
1020.209
1020.155
1020.207
1020.212
1020.28
1020.265
1020.27
1020.269
1020.213
1020.193
1020.162
1020.107
1020.089
1020.073
1020.113
1020.058
1019.949
1019.869
1019.817
1019.752
1019.705
1019.624
1019.555
1019.501
1019.477
1019.457
1019.447
1019.383
1019.376
1019.431
1019.489
1019.523
1019.524
1019.5
1019.425
1019.326
1019.277
1019.268
1019.334
1019.362
1019.328
1019.282
1019.251
1019.259
1019.324
1019.369
1019.388
1019.445
1019.482
1019.458
1019.431
1019.382
1019.381
1019.409
1019.459
1019.472
1019.432
1019.417
1019.47
1019.561
1019.57
1019.528
1019.53
1019.522
1019.509
1019.475
1019.44
1019.507
1019.609
1019.721
1019.786
1019.774
1019.745
1019.763
1019.822
1019.767
1019.797
1019.791
1019.783
1019.783
1019.791
1019.742
1019.74
1019.8
1019.768
1019.703
1019.644
1019.574
1019.523
1019.522
1019.503
1019.458
1019.413
1019.394
1019.386
1019.315
1019.152
1019.118
1019.083
1019.038
1019.047
1018.972
1018.928
1018.921
1018.903
1018.833
1018.834
1018.868
1018.894
1018.86
1018.857
1018.839
1018.826
1018.816
1018.871
1018.898
1018.932
1018.948
1019.005
1018.973
1018.917
1018.949
1019.012
1019.02
1019.024
1019.1
1019.161
1019.246
1019.297
1019.408
1019.454
1019.544
1019.645
1019.73
1019.767
1019.792
1019.935
1020.042
1020.118
1020.174
1020.276
1020.321
1020.377
1020.426
1020.484
1020.507
1020.571
1020.571
1020.57
1020.577
1020.639
1020.715
1020.77
1020.804
1020.795
1020.792
1020.814
1020.855
1020.841
1020.912
1020.974
1020.968
1020.997
1021.035
1021.065
1021.107
1021.098
1021.159
1021.207
1021.236
1021.244
1021.252
1021.256
1021.257
1021.301
1021.32
1021.292
1021.223
1021.205
1021.16
1021.162
1021.225
1021.285
1021.394
1021.395
1021.421
1021.491
1021.496
1021.527
1021.62
1021.705
1021.767
1021.867
1021.917
1022.006
1022.035
1022.127
1022.222
1022.271
1022.295
1022.282
1022.359
1022.456
1022.452
1022.497
1022.513
1022.486
1022.548
1022.63
1022.642
1022.58
1022.618
1022.759
1022.899
1022.978
1023.064
1023.081
1023.172
1023.21
1023.243
1023.354
1023.409
1023.451
1023.427
1023.474
1023.458
1023.409
1023.404
1023.383
1023.38
1023.358
1023.331
1023.255
1023.241
1023.269
1023.264
1023.289
1023.307
1023.345
1023.416
1023.464
1023.538
1023.581
1023.602
1023.661
1023.737
1023.794
1023.808
1023.811
1023.804
1023.826
1023.858
1023.825
1023.854
1023.934
1024.046
1024.083
1024.092
1024.16
1024.229
1024.248
1024.295
1024.361
1024.387
1024.441
1024.494
1024.563
1024.681
1024.806
1024.867
1024.883
1024.922
1025.002
1025.06
1025.104
1025.226
1025.35
1025.394
1025.377
1025.409
1025.529
1025.689
1025.799
1025.818
1025.844
1025.822
1025.814
1025.86
1025.93
1025.911
1025.956
1026.078
1026.175
1026.262
1026.305
1026.362
1026.459
1026.424
1026.549
1026.609
1026.526
1026.448
1026.526
1026.584
1026.57
1026.662
1026.69
1026.74
1026.862
1026.821
1026.811
1026.868
1026.953
1026.89
1026.781
1026.79
1026.759
1026.734
1026.739
1026.717
1026.679
1026.522
1026.449
1026.432
1026.424
1026.468
1026.688
1026.984
1027.069
1026.967
1026.919
1026.89
1026.918
1026.991
1027.026
1026.994
1026.882
1026.899
1027.009
1026.97
1027.202
1027.28
1027.138
1027.219
1027.35
1027.357
1027.425
1027.551
1027.599
1027.679
1027.757
1027.763
1027.872
1028.046
1027.999
1028.053
1028.151
1028.257
1028.279
1028.223
1028.19
1028.097
1028.074
1028.028
1027.94
1028.083
1028.184
1028.05
1028.02
1028.008
1027.917
1027.853
1027.705
1027.689
1027.743
1027.68
1027.482
1027.449
1027.379
1027.311
1027.208
1027.13
1027.094
1027.075
1027.043
1026.957
1026.838
1026.818
1026.879
1026.793
1026.765
1026.79
1026.7
1026.633
1026.547
1026.451
1026.44
1026.415
1026.32
1026.288
1026.214
1026.213
1026.153
1026.126
1026.101
1026.234
1026.276
1026.371
1026.31
1026.233
1026.29
1026.539
1026.519
1026.508
1026.518
1026.582
1026.625
1026.567
1026.609
1026.726
1026.764
1026.899
1026.907
1027.04
1027.041
1026.958
1026.931
1026.984
1027.067
1027.049
1027.179
1027.208
1027.241
1027.188
1027.309
1027.3
1027.331
1027.318
1027.27
1027.375
1027.338
1027.436
1027.534
1027.507
1027.553
1027.612
1027.58
1027.515
1027.49
1027.476
1027.453
1027.335
1027.395
1027.426
1027.419
1027.406
1027.401
1027.392
1027.441
1027.456
1027.431
1027.411
1027.506
1027.454
1027.419
1027.411
1027.318
1027.263
1027.264
1027.286
1027.228
1027.224
1027.214
1027.178
1027.153
1027.09
1027.202
1027.295
1027.352
1027.201
1027.144
1027.154
1027.158
1027.134
1027.296
1027.365
1027.377
1027.458
1027.5
1027.536
1027.553
1027.557
1027.58
1027.627
1027.602
1027.618
1027.57
1027.607
1027.617
1027.617
1027.644
1027.59
1027.557
1027.501
1027.442
1027.421
1027.412
1027.459
1027.356
1027.234
1027.231
1027.253
1027.366
1027.423
1027.342
1027.296
1027.274
1027.207
1027.047
1026.911
1026.87
1026.876
1026.822
1026.687
1026.532
1026.33
1026.234
1026.146
1026.01
1025.826
1025.659
1025.576
1025.488
1025.377
1025.273
1025.11
1024.997
1024.838
1024.655
1024.604
1024.556
1024.484
1024.36
1024.249
1024.049
1023.917
1023.833
1023.805
1023.617
1023.485
1023.424
1023.388
1023.366
1023.301
1023.316
1023.33
1023.242
1023.188
1023.216
1023.226
1023.181
1023.073
1022.937
1022.838
1022.783
1022.835
1022.778
1022.683
1022.59
1022.54
1022.432
1022.26
1022.069
1022.025
1021.927
1021.876
1021.881
1021.862
1021.764
1021.598
1021.431
1021.307
1021.51
1021.572
1021.367
1021.432
1021.45
1021.221
1021.014
1021.009
1020.905
1020.981
1020.88
1020.664
1020.361
1020.191
1020.175
1020.118
1019.888
1019.777
1019.717
1019.559
1019.301
1019.146
1019.11
1018.941
1018.809
1018.63
1018.414
1018.171
1017.892
1017.702
1017.595
1017.638
1017.456
1017.303
1017.108
1016.878
1016.864
1016.773
1016.66
1016.539
1016.329
1016.181
1016.062
1016.083
1015.76
1015.529
1015.257
1015.098
1015.208
1015.244
1015.288
1015.032
1014.887
1014.606
1014.444
1014.199
1014.036
1013.852
1013.682
1013.672
1013.63
1013.403
1013.335
1013.378
1013.427
1013.402
1013.259
1013.053
1012.929
1012.8
1012.729
1012.643
1012.582
1012.399
1012.156
1011.906
1011.633
1011.469
1011.221
1011.162
1011.075
1011.056
1011.075
1010.982
1010.859
1010.748
1010.603
1010.45
1010.288
1010.166
1009.955
1009.734
1009.722
1009.781
1009.852
1009.796
1009.778
1009.672
1009.578
1009.393
1009.167
1008.94
1008.851
1008.682
1008.605
1008.564
1008.421
1008.52
1008.692
1008.689
1008.516
1008.518
1008.649
1008.736
1008.692
1008.731
1008.969
1009.08
1008.976
1008.898
1008.98
1008.988
1009.186
1009.459
1009.579
1009.706
1009.878
1009.947
1010.062
1010.224
1010.401
1010.468
1010.636
1010.622
1010.701
1010.671
1010.842
1010.892
1011.035
1011.168
1011.206
1011.204
1011.3
1011.314
1011.374
1011.476
1011.555
1011.593
1011.649
1011.63
1011.691
1011.882
1011.988
1012.036
1011.965
1011.993
1012.016
1012.031
1012.011
1011.96
1011.898
1011.894
1011.879
1011.954
1012.019
1012.036
1012.101
1012.169
1012.083
1012.134
1012.12
1012.136
1012.209
1012.13
1012.194
1012.221
1012.409
1012.422
1012.423
1012.449
1012.489
1012.488
1012.459
1012.468
1012.524
1012.508
1012.612
1012.718
1012.752
1012.697
1012.812
1012.803
1012.834
1012.775
1012.807
1012.77
1012.76
1012.831
1012.954
1013.026
1013.107
1013.184
1013.204
1013.223
1013.087
1012.918
1012.797
1012.82
1012.817
1012.818
1012.858
1012.889
1012.884
1012.819
1012.836
1012.86
1012.842
1012.904
1012.989
1013.03
1013.023
1012.988
1012.989
1012.936
1012.898
1012.812
1012.772
1012.734
1012.737
1012.618
1012.447
1012.319
1012.239
1012.167
1012.084
1012.03
1011.94
1011.896
1011.9
1011.865
1011.793
1011.654
1011.568
1011.563
1011.716
1011.746
1011.652
1011.548
1011.508
1011.566
1011.561
1011.521
1011.498
1011.44
1011.435
1011.422
1011.412
1011.352
1011.314
1011.353
1011.364
1011.331
1011.272
1011.315
1011.358
1011.318
1011.379
1011.455
1011.497
1011.478
1011.572
1011.639
1011.743
1011.799
1011.837
1011.829
1011.871
1011.894
1011.929
1011.913
1011.873
1011.876
1011.852
1011.822
1011.808
1011.79
1011.82
1011.829
1011.862
1011.891
1011.928
1011.921
1011.875
1011.906
1011.899
1011.977
1011.993
1012.068
1012.108
1012.152
1012.137
1012.114
1012.101
1012.082
1012.082
1012.041
1012.038
1012.029
1012.113
1012.187
1012.185
1012.229
1012.258
1012.283
1012.319
1012.348
1012.403
1012.404
1012.458
1012.448
1012.433
1012.473
1012.52
1012.538
1012.571
1012.639
1012.714
1012.719
1012.691
1012.65
1012.672
1012.773
1012.86
1012.952
1012.945
1013.024
1013.11
1013.169
1013.137
1013.298
1013.441
1013.414
1013.467
1013.471
1013.675
1013.811
1013.886
1013.858
1013.978
1014.134
1014.21
1014.265
1014.364
1014.504
1014.667
1014.767
1014.871
1014.963
1014.977
1014.976
1014.982
1015.054
1015.108
1015.142
1015.19
1015.204
1015.281
1015.321
1015.393
1015.461
1015.459
1015.474
1015.515
1015.499
1015.488
1015.515
1015.518
1015.506
1015.475
1015.406
1015.342
1015.347
1015.383
1015.394
1015.329
1015.346
1015.329
1015.325
1015.392
1015.406
1015.428
1015.493
1015.581
1015.577
1015.538
1015.594
1015.59
1015.676
1015.757
1015.814
1015.874
1015.864
1015.937
1016.013
1016.063
1016.147
1016.249
1016.275
1016.312
1016.374
1016.355
1016.41
1016.575
1016.633
1016.66
1016.656
1016.757
1016.892
1016.979
1016.99
1017.028
1017.081
1017.072
1017.072
1017.035
1017.097
1017.122
1017.16
1017.149
1017.172
1017.212
1017.153
1017.153
1017.196
1017.208
1017.226
1017.242
1017.241
1017.299
1017.291
1017.201
1017.172
1017.114
1017.132
1017.09
1017.148
1017.165
1017.178
1017.181
1017.259
1017.217
1017.134
1017.131
1017.168
1017.117
1017.105
1017.101
1017.092
1017.092
1017.059
1017.04
1017.01
1016.98
1016.966
1016.924
1016.879
1016.83
1016.806
1016.733
1016.714
1016.622
1016.605
1016.564
1016.472
1016.477
1016.434
1016.404
1016.423
1016.498
1016.453
1016.487
1016.485
1016.517
1016.488
1016.493
1016.506
1016.472
1016.523
1016.566
1016.514
1016.512
1016.518
1016.517
1016.421
1016.446
1016.405
1016.386
1016.355
1016.382
1016.333
1016.396
1016.374
1016.32
1016.273
1016.262
1016.203
1016.213
1016.22
1016.142
1016.051
1015.956
1015.91
1015.795
1015.725
1015.602
1015.631
1015.627
1015.525
1015.455
1015.336
1015.382
1015.321
1015.359
1015.279
1015.343
1015.313
1015.303
1015.274
1015.172
1015.174
1015.214
1015.171
1015.152
1015.101
1015.047
1015.009
1015.012
1014.974
1014.936
1014.935
1014.949
1014.968
1014.91
1014.868
1014.804
1014.817
1014.878
1014.912
1014.898
1014.929
1015.016
1015.002
1015.063
1015.178
1015.3
1015.333
1015.336
1015.301
1015.33
1015.385
1015.383
1015.428
1015.463
1015.5
1015.542
1015.646
1015.639
1015.611
1015.628
1015.66
1015.698
1015.703
1015.709
1015.62
1015.565
1015.556
1015.572
1015.554
1015.649
1015.743
1015.723
1015.813
1015.976
1016.074
1015.965
1015.803
1015.786
1015.72
1015.735
1015.775
1015.836
1015.899
1015.825
1015.703
1015.531
1015.422
1015.394
1015.294
1015.145
1015.059
1015.108
1015.244
1015.243
1015.35
1015.467
1015.38
1015.411
1015.319
1015.248
1015.318
1015.541
1015.579
1015.58
1015.536
1015.386
1015.342
1015.352
1015.361
1015.243
1015.139
1015.093
1015.072
1015.017
1015.003
1014.94
1014.829
1014.968
1014.941
1014.887
1014.895
1014.912
1014.863
1014.761
1014.812
1014.88
1014.901
1014.869
1014.867
1014.903
1014.953
1014.999
1014.956
1014.977
1015.062
1015.176
1015.158
1015.123
1015.071
1015.007
1015.017
1014.964
1014.847
1014.795
1014.773
1014.769
1014.677
1014.547
1014.532
1014.514
1014.487
1014.4
1014.342
1014.334
1014.291
1014.225
1014.151
1014.043
1014.045
1014.057
1014.002
1013.918
1013.878
1013.9
1013.942
1013.935
1013.926
1013.861
1013.816
1013.829
1013.895
1013.926
1013.944
1013.961
1013.978
1014.066
1014.156
1014.26
1014.329
1014.323
1014.268
1014.249
1014.259
1014.214
1014.242
1014.334
1014.4
1014.441
1014.428
1014.446
1014.496
1014.505
1014.534
1014.645
1014.755
1014.905
1015.091
1015.129
1015.188
1015.246
1015.365
1015.455
1015.528
1015.589
1015.581
1015.651
1015.789
1015.915
1016.089
1016.447
1016.799
1017.012
1017.265
1017.519
1017.726
1017.715
1017.915
1017.946
1017.864
1017.894
1017.989
1018.276
1018.372
1018.592
1018.841
1019.039
1019.231
1019.327
1019.332
1019.37
1019.419
1019.551
1019.681
1019.851
1019.952
1020.03
1020.122
1020.137
1020.133
1020.102
1020.23
1020.319
1020.387
1020.465
1020.471
1020.546
1020.611
1020.667
1020.753
1020.865
1020.988
1021.072
1021.159
1021.289
1021.453
1021.634
1021.798
1021.885
1021.943
1022.037
1022.141
1022.274
1022.404
1022.487
1022.571
1022.7
1022.801
1022.848
1022.873
1022.911
1023.004
1023.068
1023.099
1023.106
1023.094
1023.124
1023.108
1023.149
1023.191
1023.231
1023.255
1023.239
1023.196
1023.23
1023.205
1023.186
1023.187
1023.149
1023.134
1023.076
1023.025
1022.993
1022.953
1022.854
1022.786
1022.751
1022.688
1022.689
1022.688
1022.628
1022.564
1022.575
1022.51
1022.475
1022.495
1022.447
1022.423
1022.389
1022.361
1022.302
1022.257
1022.226
1022.22
1022.149
1022.083
1022.015
1021.962
1021.92
1021.934
1021.935
1021.917
1021.874
1021.884
1021.858
1021.803
1021.762
1021.732
1021.749
1021.761
1021.79
1021.86
1021.869
1021.894
1021.919
1021.865
1021.85
1021.824
1021.8
1021.838
1021.895
1021.942
1021.879
1021.875
1021.911
1021.916
1021.889
1021.849
1021.708
1021.633
1021.601
1021.511
1021.41
1021.309
1021.269
1021.202
1021.161
1021.101
1020.998
1020.878
1020.797
1020.788
1020.738
1020.673
1020.566
1020.498
1020.396
1020.324
1020.199
1020.066
1020.005
1019.957
1019.91
1019.803
1019.712
1019.616
1019.534
1019.412
1019.364
1019.25
1019.15
1019.102
1018.999
1018.874
1018.808
1018.672
1018.594
1018.478
1018.44
1018.365
1018.21
1018.18
1018.062
1017.946
1017.846
1017.804
1017.738
1017.601
1017.524
1017.444
1017.368
1017.281
1017.243
1017.131
1017.051
1016.944
1016.97
1016.9
1016.793
1016.75
1016.735
1016.755
1016.68
1016.559
1016.451
1016.401
1016.331
1016.272
1016.206
1015.903
1015.535
1015.319
1015.33
1015.288
1015.277
1015.225
1015.253
1015.311
1015.205
1015.02
1014.82
1014.727
1014.63
1014.445
1014.305
1014.213
1014.102
1014.022
1013.956
1013.911
1013.711
1013.733
1013.629
1013.418
1013.308
1013.205
1013.039
1012.892
1012.809
1012.653
1012.555
1012.545
1012.572
1012.647
1012.506
1012.42
1012.461
1012.442
1012.466
1012.408
1012.379
1012.328
1012.347
1012.536
1013.008
1013.147
1013.117
1013.145
1013.148
1013.418
1013.488
1013.459
1013.479
1013.598
1013.65
1013.851
1014.17
1014.331
1014.356
1014.397
1014.472
1014.51
1014.571
1014.662
1014.677
1014.69
1014.705
1014.668
1014.617
1014.646
1014.666
1014.639
1014.564
1014.554
1014.574
1014.634
1014.656
1014.713
1014.784
1014.783
1014.811
1014.855
1014.89
1014.941
1014.933
1014.969
1014.986
1014.947
1014.944
1015.004
1015.121
1015.09
1015.094
1015.157
1015.213
1015.265
1015.263
1015.265
1015.421
1015.608
1015.589
1015.556
1015.677
1015.796
1016.042
1016
1016.038
1016.043
1016.139
1016.283
1016.366
1016.4
1016.469
1016.539
1016.673
1016.801
1016.887
1017.046
1017.155
1017.158
1017.287
1017.412
1017.559
1017.705
1017.813
1017.929
1018.035
1018.148
1018.174
1018.239
1018.328
1018.494
1018.592
1018.738
1018.889
1019.102
1019.302
1019.378
1019.491
1019.699
1019.702
1019.753
1019.92
1020.055
1020.187
1020.305
1020.261
1020.412
1020.505
1020.533
1020.628
1020.701
1020.842
1020.934
1020.909
1020.9
1021.023
1021.096
1021.117
1021.125
1021.185
1021.216
1021.283
1021.352
1021.446
1021.489
1021.555
1021.627
1021.66
1021.702
1021.743
1021.801
1021.739
1021.766
1021.831
1021.761
1021.758
1021.717
1021.619
1021.57
1021.529
1021.42
1021.375
1021.37
1021.476
1021.551
1021.571
1021.638
1021.653
1021.609
1021.594
1021.648
1021.703
1021.757
1021.725
1021.688
1021.704
1021.777
1021.873
1021.87
1021.83
1021.85
1021.94
1022.021
1022.033
1021.973
1021.952
1022.015
1022.088
1022.079
1022.088
1022.087
1022.071
1022.067
1022.118
1022.137
1022.096
1022.03
1021.975
1021.935
1021.833
1021.745
1021.619
1021.579
1021.534
1021.525
1021.475
1021.384
1021.345
1021.278
1021.224
1021.197
1021.133
1020.984
1020.901
1020.817
1020.738
1020.656
1020.517
1020.438
1020.356
1020.205
1020.1
1019.989
1019.833
1019.778
1019.7
1019.625
1019.626
1019.613
1019.545
1019.385
1019.217
1019.154
1019.049
1018.916
1018.776
1018.731
1018.646
1018.564
1018.555
1018.424
1018.345
1018.363
1018.307
1018.237
1018.21
1018.154
1018.154
1018.192
1018.279
1018.33
1018.34
1018.282
1018.22
1018.209
1018.209
1018.172
1018.214
1018.195
1018.23
1018.252
1018.204
1018.182
1018.131
1018.183
1018.146
1018.049
1018.012
1018.073
1018.026
1017.947
1017.806
1017.676
1017.581
1017.495
1017.374
1017.225
1017.164
1017.107
1017.017
1016.941
1016.84
1016.725
1016.684
1016.625
1016.515
1016.348
1016.23
1016.166
1016.106
1016.055
1015.966
1015.902
1015.703
1015.504
1015.454
1015.444
1015.487
1015.495
1015.459
1015.392
1015.287
1015.151
1015.091
1015.032
1014.931
1014.835
1014.765
1014.702
1014.677
1014.585
1014.532
1014.475
1014.466
1014.507
1014.475
1014.389
1014.367
1014.344
1014.345
1014.332
1014.313
1014.281
1014.285
1014.303
1014.213
1014.15
1014.06
1013.95
1013.909
1013.868
1013.825
1013.788
1013.772
1013.742
1013.702
1013.684
1013.621
1013.622
1013.595
1013.583
1013.48
1013.409
1013.346
1013.288
1013.267
1013.267
1013.332
1013.454
1013.337
1013.129
1012.924
1012.881
1012.87
1012.816
1012.752
