16.27
16.23
16.04
15.99
16.09
16.12
16.1
16.03
15.97
15.94
15.93
15.94
15.92
15.91
15.97
15.97
15.95
15.99
15.94
15.95
15.99
15.96
15.94
15.86
15.8
15.71
15.68
15.62
15.39
15.27
15.31
15.41
15.5
15.51
15.51
15.54
15.56
15.64
15.72
15.88
15.94
15.99
16.12
16.2
16.31
16.5
16.6
16.58
16.68
16.72
16.66
16.76
17.04
17.3
17.49
17.53
17.71
17.74
17.92
17.97
17.96
17.97
17.94
18.5
18.84
18.89
19.33
19.5
18.92
19.33
20.06
20.55
20.63
20.25
20.71
20.48
19.15
16.92
16.37
16.36
16.06
15.98
15.8
16.05
16.12
16.39
16.58
16.48
16.41
16.51
16.97
16.93
17.34
17.68
17.75
17.76
18.16
18.43
18.54
18.55
18.93
19.16
19.07
18.84
18.69
18.49
18.63
18.45
18.64
18.53
18.15
18.06
18.1
18.1
17.94
17.72
17.42
17.26
17.13
16.95
16.76
16.68
16.59
16.42
16.44
16.32
16.28
16.24
16.17
16.18
16.16
16.16
16.01
16.11
16.19
16.15
15.98
15.53
15.54
15.72
15.37
15.15
14.69
14.41
14.29
14.18
14.37
14.19
14.12
13.95
13.86
13.81
13.88
13.96
14.18
14.3
14.45
14.37
14.21
14.16
14.1
14.07
14.08
13.97
13.66
13.67
13.63
13.52
13.65
13.7
13.66
13.66
13.78
13.8
13.73
13.71
13.65
13.66
13.71
13.69
13.8
13.92
14.17
14.22
14.23
14.24
14.38
14.64
14.83
15.01
14.97
14.93
15.07
15.16
15.65
16.23
15.71
15.37
15.09
15.63
16.24
16.01
15.83
16.04
16.19
16.47
16.64
17.47
17.98
18.04
17.86
18.27
17.92
18.39
18.64
18.01
16.64
15.58
14.87
15.42
15.88
16.05
16.11
16.33
16.89
16.8
17.28
17.27
17.15
17.03
16.57
16.17
16.35
17.12
18.09
17.94
17.75
17.75
17.48
18.24
18.84
18.66
19.34
18.92
18.95
18.79
18.12
17.67
16.64
16.41
16.85
17.15
17.19
17.42
17.79
17.68
17.19
16.99
17
16.95
16.88
16.82
16.82
16.81
16.72
16.65
16.6
16.56
16.54
16.52
16.35
16.32
16.17
16.01
15.99
15.9
15.44
15.14
15.17
15.43
15.54
15.31
15.24
15.22
15.2
15.19
15.12
14.97
14.73
14.54
14.47
14.54
14.66
14.47
14.28
14.21
14.27
14.36
14.31
14.32
14.32
14.3
14.36
14.35
14.21
14.08
13.94
13.84
13.74
13.85
13.86
13.75
13.73
13.78
13.81
13.71
13.68
13.62
13.76
13.93
13.87
13.93
14.08
14.15
13.98
13.67
13.23
13.35
13.39
13.28
13.39
13.61
13.89
14.16
14.18
14.46
14.64
14.93
15.09
15.35
15.65
16.1
16.43
16.74
17.01
17.12
17.21
17.36
17.97
18.19
18.15
18.42
18.85
18.6
18.36
18.64
18.7
18.91
19.13
19.18
19.51
19.56
19.24
19.27
19.03
18.81
18.72
19.01
19.1
20.11
19.63
19.97
20.06
20.16
20.4
19.75
19.46
19.12
19.34
19.59
19.72
19.52
19.32
19.17
19.33
19.42
19.38
19.68
20.27
20.71
20.46
20.7
20.01
19.62
19.61
19.67
19.7
19.58
19.52
19.46
19.36
19.3
19.14
19.14
19.08
19.01
18.95
18.89
18.85
18.74
18.59
18.46
18.37
18.28
18.08
17.83
17.63
17.53
17.42
17.43
17.13
16.89
16.73
16.49
16.49
16.43
16.25
16.03
15.51
15.22
14.97
15.16
15.2
15.32
14.97
14.26
14.29
14.23
14.29
14.99
15.33
15.23
15.26
15.14
15.09
15.04
14.99
15.14
15.16
15.14
14.97
14.91
14.99
14.96
14.73
14.56
14.56
14.43
14.25
14.14
14.09
14.08
14.14
14.17
14.27
14.29
14.26
14.26
14.32
14.44
14.59
14.79
15
15.22
15.45
15.63
15.8
16.01
16.26
16.58
16.75
16.99
17.25
17.22
17.2
17.25
17.39
17.47
17.42
17.47
17.47
17.59
17.73
17.98
18.04
18.19
18.77
19.11
19.2
19.29
19.58
19.48
19.71
19.88
19.89
19.77
19.94
20.19
20.22
20.43
20.29
20.67
20.58
21
21.13
20.96
21.01
21.47
21.16
19.72
17.25
16.29
15.05
14.84
14.96
15.15
15.52
15.46
15.48
15.61
15.69
15.51
15.54
15.67
15.81
16
16.15
16.17
16.19
16.2
16.17
16.2
16.19
16.14
16.08
16.1
16.05
15.94
15.89
15.85
15.82
15.79
15.82
15.9
15.96
15.99
15.98
15.99
15.82
15.73
15.74
15.77
15.64
15.75
15.66
15.72
15.68
15.57
15.49
15.43
15.4
15.2
15.15
15.25
15.35
15.12
14.79
14.52
14.37
14.44
14.59
14.69
14.69
14.69
14.84
15.17
15.06
15.05
15
15.01
14.92
14.82
14.73
14.78
14.72
14.68
14.68
14.57
14.45
14.44
14.52
14.65
14.71
14.66
14.57
14.52
14.64
14.68
14.87
14.85
14.83
14.82
14.82
14.91
15
15.12
15.12
15.22
15.42
15.59
15.77
15.91
16.02
16.24
16.43
16.54
16.8
17.47
17.68
18.16
18.41
18.25
18.4
18.66
18.93
19.41
19.78
20.13
20.26
20.96
21.24
21.41
21.17
21.33
21.94
22.09
22.13
22.47
22.43
22.68
23.04
22.67
22.24
22.16
22.21
21.96
22.09
21.96
21.69
21.53
21.87
22.56
22.42
22.39
22.23
20.92
20.91
21.15
21.19
21.68
22.38
22.08
21.99
21.81
21.68
21.62
21.49
21.42
21.26
21.05
20.02
19.39
19.51
19.63
20.01
20.96
21.89
20.29
18.78
18.02
17.77
17.48
17.4
17.11
16.91
16.97
16.79
16.56
16.44
16.38
16.15
15.91
15.71
15.69
15.55
15.91
15.91
15.75
15.77
15.81
15.95
15.87
15.88
15.85
15.7
15.6
15.51
15.39
15.37
15.32
14.9
14.53
14.28
14.39
14.49
13.83
13.57
13.75
14.34
14.28
14.2
14.14
14.08
14.15
14.26
14.21
14.23
14.41
14.55
14.52
14.71
14.67
14.7
14.73
14.65
14.6
14.61
14.55
14.46
14.46
14.39
14.47
14.53
14.6
14.76
14.95
15.18
15.44
15.71
15.87
15.99
16.09
16.21
16.46
16.49
16.78
16.96
17.29
17.58
17.84
18.15
18.43
18.45
18.76
19.06
19.42
19.71
19.97
20.37
20.5
20.93
20.98
21.22
21.47
21.7
21.82
22.12
22.43
22.61
22.88
22.65
23.04
23.27
23.02
23.28
23.36
23.48
23.1
23.68
24.13
24.1
23.37
23.18
23.45
23.46
23.46
23.27
23.04
22.23
20.69
20.25
20.37
20.37
20.35
19.91
19.36
19.19
19.01
18.92
18.93
18.89
18.83
18.54
18.01
18.15
18.22
18.42
18.6
18.67
18.81
18.8
18.87
18.81
18.77
18.66
18.62
18.68
18.67
18.57
18.41
18.32
18.31
18.22
18.19
18.13
17.72
17.79
17.76
18.02
17.97
17.88
17.5
17.43
17.26
16.93
17.01
16.75
16.8
16.62
16.54
16.34
16.36
16.46
16.41
16.28
16.08
15.94
15.9
15.68
15.25
15.25
15.35
15.14
14.75
14.61
14.61
14.42
14.48
14.37
14.26
14.37
14.36
14.26
14.21
14.13
14.14
14.02
14.01
13.99
13.93
13.79
13.8
13.79
13.85
13.8
13.89
13.92
13.9
14
14.17
14.33
14.5
14.52
14.72
15.06
15.29
15.61
15.86
15.96
16.09
16.28
16.47
16.53
16.74
16.79
16.9
17.03
17.3
17.43
17.41
17.56
17.8
18.08
18.31
18.43
18.79
18.89
19.24
19.59
20.02
20.18
20.44
20.47
20.73
20.41
20.99
20.71
20.44
20.79
21.16
21.34
21.41
21.38
21.81
21.87
22.29
22.18
21.46
19.99
17.27
17.5
19.22
19.83
20.77
21.16
20.63
20.26
19.69
18.69
18.45
18.51
18.65
18.56
18.47
18.83
19.09
19.15
19.5
19.8
19.91
20.03
20.11
19.97
19.68
19.74
19.85
19.86
20.05
19.93
19.91
19.77
19.49
19.33
19.07
18.8
18.26
17.88
17.82
17.53
17.31
17.2
16.97
16.83
16.68
16.52
16.44
16.15
15.97
16.19
16.25
16.15
16.04
15.65
15.47
15.67
15.5
15.38
15.17
15.09
15.04
15.03
15.05
15.15
15.2
15.32
15.26
15.23
15.41
15.5
15.12
14.76
14.7
14.59
14.55
14.47
14.3
14.25
14.1
13.97
13.86
13.85
13.83
13.86
13.82
13.85
14.02
13.98
13.9
13.88
13.95
14.08
14.32
14.48
14.61
14.78
14.91
15.09
15.39
15.62
15.23
14.83
14.7
14.66
14.77
14.98
15.09
15.11
15.18
15.37
15.43
15.45
15.45
15.38
15.56
15.8
16.01
16.26
16.39
16.6
16.61
16.45
16.21
16.01
16.17
16.57
16.57
16.46
16.65
17.37
17.83
18.47
18.72
18.59
18.92
18.99
19.38
19.71
19.68
19.62
19.04
19.64
19.65
19.53
19.69
19.57
19.42
19.52
19.52
19.56
19.79
19.81
19.64
19.78
20.19
20.18
20.25
20.28
20.57
20.59
20.89
20.83
20.79
20.63
20.47
20.37
20.14
20
19.85
19.75
19.63
19.59
19.46
19.27
19.04
18.76
18.45
18.22
18
17.91
17.72
17.6
17.6
17.39
17.19
17.01
16.84
16.59
16.47
16.3
16.3
16.02
15.85
15.87
15.78
15.51
15.7
15.64
15.49
15.24
14.99
14.9
14.96
14.86
14.7
14.47
14.22
14.13
13.91
13.88
13.83
13.81
13.76
13.69
13.73
13.84
14.07
14.16
14.21
14.24
14.17
14.1
14.11
14.2
14.2
14.3
14.41
14.28
14.2
14.18
14.04
13.94
13.84
13.76
13.7
13.69
13.72
13.79
13.92
14.14
14.34
14.48
14.6
14.94
15.4
15.71
16.02
16.41
16.62
16.7
16.59
16.73
16.63
16.54
16.76
16.76
16.88
17.05
17.35
17.78
17.78
18.28
18.48
18.77
18.72
18.95
19.25
19.7
19.91
20.11
19.84
20.1
20.25
20.02
20.09
19.97
19.77
19.81
19.75
19.82
20
19.75
19.27
19.31
19.3
19.44
19.75
19.86
20.14
20.02
19.72
19.58
19.54
19.46
19.76
20.15
20.13
20.1
20.15
20.01
19.92
19.71
19.99
20.39
20.41
20.37
20.23
20.43
20.53
20.38
20.01
19.8
19.67
19.59
19.37
16.82
15.21
14.59
14.35
14.44
14.42
14.38
14.28
14.33
14.3
14.44
14.37
14.16
14.08
13.95
13.95
13.86
13.76
13.75
13.59
13.5
13.69
13.67
13.75
13.88
14.08
14.1
13.98
13.9
13.8
13.9
13.74
13.71
13.52
13.41
13.26
13.14
12.97
13.04
13.17
13.06
12.99
12.93
12.73
12.78
12.3
12.21
12.51
12.52
12.52
12.5
12.5
12.37
12.29
12.25
12.16
11.95
12.16
12.17
12.18
12.13
12.12
12.17
12.28
12.4
12.52
12.53
12.65
12.84
12.99
13.01
13.08
13.27
13.34
13.46
13.58
13.63
13.66
13.81
14.02
14.28
14.62
14.91
14.95
15.18
15.37
15.35
15.49
15.74
15.77
15.9
16.12
16.27
16.6
16.85
17.51
18.09
18.3
18.58
18.76
18.81
19.59
19.62
19.32
19.11
19.15
19.35
19.17
18.91
18.86
19.08
19.72
19.48
18.39
17.2
17.69
18.66
19.57
19.58
19.4
20.41
20.61
20.2
20.09
20.29
18.86
16.64
15.99
16.45
16.49
16.62
16.73
17.04
17.29
17.27
15.95
15.42
15.79
16.06
16.17
16.3
16.35
16.28
16.19
15.95
16.04
16.13
16.08
15.9
15.64
15.6
15.61
15.36
15.38
15.52
15.9
16.02
15.87
16.05
16.05
15.72
15.72
15.78
15.76
15.66
15.45
15.39
15.27
15.12
15.08
15.07
15.01
15.06
14.89
14.86
14.88
14.58
14.3
14.17
13.84
13.82
13.84
13.84
13.95
14.03
14.06
14.01
13.77
13.46
13.25
13.09
12.94
12.4
12.09
11.67
11.78
12.08
12.14
11.78
11.61
11.52
11.07
11.57
11.94
11.46
11.22
11.38
11.33
11
11.01
10.99
11.16
11.32
11.52
11.92
12.06
12.25
12.42
12.49
12.8
13.07
13.3
13.55
13.83
14.52
14.79
15.94
16.78
17.87
17.77
18.25
18.4
18.64
18.57
18.65
18.81
19.24
19.14
19.13
19.1
18.66
19.41
19.91
19.85
19.66
20.1
19.69
20.21
20.65
21.01
21.37
20.94
21.26
21.24
21.05
21.06
21.97
21.54
21.72
21.51
21.38
22.03
22.24
21.94
22.21
22.01
22.34
22.17
22.34
22.7
22.51
22.81
22.85
23.02
23.01
22.92
22.88
22.84
22.86
22.75
22.75
22.65
22.68
22.6
22.46
22.53
22.44
22.33
22.29
22.13
21.94
21.88
21.74
21.6
21.25
20.81
19.27
18.88
18.01
17.4
16.98
16.6
16.31
16.39
16.04
15.67
15.64
15.45
15.24
14.91
14.69
14.83
14.83
14.57
14.44
14.63
14.34
14.61
14.49
14.48
13.99
13.88
14.53
14.08
13.9
14.32
13.7
13.68
13.74
13.98
14.19
14.14
14.11
14.03
13.83
13.64
13.53
13.69
13.88
13.89
13.76
13.82
13.81
13.68
13.62
13.45
13.44
13.43
13.54
13.53
13.64
13.7
13.72
13.75
13.87
14.03
14.24
14.5
14.68
14.85
15.11
15.36
15.6
16.08
16.59
16.98
17.37
17.21
17.95
17.9
18.26
18.36
18.67
18.91
19.04
19.35
19.61
20.65
21.15
21.35
21.75
22.29
22.56
22.9
22.99
23.35
23.54
23.79
24.07
24.22
23.93
24.08
24.62
25.11
25.05
24.85
24.78
24.83
25.05
24.96
25.07
25.36
25.5
26.06
26.01
26.13
26.3
26.57
26.61
26.55
26.44
26.75
26.65
25.92
26.33
26.89
26.85
26.79
26.66
26.67
26.83
26.56
26.02
26.18
26.25
26.21
26.2
26.23
25.97
25.9
25.82
25.76
25.84
25.52
25.27
25.16
24.66
24.51
23.78
23.03
22.08
21.03
20.85
20.25
20.42
19.9
19.34
19.3
18.8
18.5
18.26
18.23
18.21
18.13
18.23
18.08
18.13
17.77
17.62
17.44
17.5
17.41
17.59
17.93
17.76
17.28
17.01
16.93
16.62
16.83
16.99
16.95
17.03
17.08
16.9
16.61
16.75
16.87
16.7
17.02
17.28
17.13
17.16
17.35
17.11
16.96
17.08
16.94
16.94
16.77
16.38
16.6
16.6
16.16
16.38
16.32
16.35
16.46
16.52
16.51
16.83
17.13
17.28
17.39
17.97
18.27
18.52
19.2
19.91
20.01
20.27
20.74
20.8
21.13
21.96
22.21
22.53
23.09
23.43
23.51
23.78
23.88
23.93
24.06
24.25
24.17
24.46
24.51
24.58
24.76
24.82
25.05
25.02
25.34
25.16
25.26
25.61
25.47
25.54
25.27
25.47
25.33
25.35
25.75
25.67
25.49
25.43
25.43
25.37
25.37
25.87
25.54
25.61
25.84
25.79
25.79
25.94
25.97
26.04
25.61
25.44
25.27
24.8
24.38
23.88
23.66
23.41
23.27
23.11
23.1
22.81
22.74
22.67
22.41
22.25
22.06
21.76
20.64
20.43
20.34
20.32
20.3
20.23
20.14
19.96
19.85
19.65
19.58
19.37
19.06
18.87
18.69
18.51
18.39
18.28
18.16
18.15
18.08
18.22
18.24
18.26
18.22
18.18
18.1
17.92
17.79
17.82
17.72
17.57
17.52
17.46
17.17
17.13
16.78
16.44
16.03
15.71
15.64
15.4
15.1
14.87
14.83
15
15.08
15.18
15.13
14.93
14.95
14.85
14.87
14.61
14.43
14.38
14.27
14.35
14.57
14.64
14.37
14.34
14.37
14.33
14.37
14.41
14.64
14.82
14.89
14.99
15.18
15.44
15.66
15.88
16.18
16.47
16.76
17.15
17.53
17.85
18.14
18.53
19.08
19.37
19.52
19.67
19.78
20.02
20.25
20.39
20.48
20.76
20.86
21.09
20.91
21.1
21.3
21.14
21.46
21.52
21.58
21.42
22.04
22.16
22.05
22.14
22.23
22.34
22.52
22.57
22.37
22.39
22.98
22.81
22.74
23.22
23.21
22.91
22.8
22.58
22.86
22.54
22.47
23.11
23.04
22.77
22.73
22.8
22.7
22.67
23
22.9
22.56
21.97
21.6
21.14
20.58
20.36
20.3
20.19
20.27
20.22
20.22
20.13
19.9
19.67
19.54
19.32
19.18
19.05
18.88
18.77
18.61
18.49
18.47
18.29
18.2
18
17.94
17.99
17.91
17.95
17.99
17.93
17.88
17.77
17.72
17.56
17.46
17.36
17.24
17.16
17.12
17.16
17.02
16.57
16.39
16.26
16.08
15.95
15.84
15.9
15.87
15.84
15.65
15.64
15.49
15.5
15.45
15.48
15.56
15.63
15.67
15.69
15.68
15.67
15.57
15.57
15.56
15.57
15.57
15.64
15.66
15.72
15.56
15.45
15.23
15.06
14.94
14.95
15
14.98
14.93
14.89
14.96
15.02
15.06
15.12
15.18
15.31
15.35
15.38
15.36
15.38
15.5
15.7
15.84
15.99
16.05
16.09
16.32
16.34
16.35
16.42
16.2
16
15.94
16.18
16.51
16.88
17.03
17.37
17.26
17.52
17.93
17.95
18.35
18.83
19.16
19.41
19.48
19.6
19.8
20.12
20.46
20.6
21.35
21.65
22.06
22.26
22.58
22.8
22.67
22.93
23.11
23.41
23.59
23.56
23.65
23.54
23.99
23.9
24.04
23.88
23.86
23.81
23.87
23.96
23.85
23.85
24
24.2
24.3
24.17
23.88
23.62
23.52
23.25
23.31
23.13
23
22.67
22.37
22.28
21.98
22.07
22.18
22.27
22.11
21.96
21.86
21.68
21.47
21.54
21.64
21.55
21.42
21.32
20.99
20.89
20.75
20.69
20.3
19.82
19.6
19.08
18.87
18.82
18.81
18.93
18.99
18.73
18.35
17.97
17.78
17.8
17.88
17.56
17.14
16.89
16.98
16.83
16.69
16.48
16.2
16.12
15.84
15.15
15.31
15.55
15.45
15.39
15.37
15.59
15.69
15.52
15.52
15.4
15.44
15.57
15.73
15.96
16.23
16.52
16.7
16.78
16.82
16.9
16.97
17.05
17.12
17.3
17.26
17.18
17.16
17.16
17.28
17.3
17.3
17.33
17.36
17.41
17.56
17.81
18.18
17.93
18.17
18.67
18.55
18.54
18.3
17.54
16.73
17
16.78
16.68
16.53
16.42
16.16
15.94
15.78
15.69
15.81
15.9
15.98
16.04
16.16
16.23
15.73
15.56
15.4
15.01
14.9
15
15.02
14.74
14.84
14.95
14.97
14.98
15.01
14.97
14.83
14.83
14.93
14.99
15.05
15.07
15.26
15.34
16.1
15.86
16.04
16.45
16.52
16.18
15.9
15.88
15.98
15.93
15.67
15.48
15.3
15.03
14.74
14.48
14.22
14.09
14.13
14.16
14.08
13.96
13.9
13.93
13.64
13.45
12.94
12.89
12.81
12.78
12.86
12.83
13.06
13.28
13.42
13.63
13.59
13.66
13.84
14
13.96
14.13
14.13
14.19
14.2
14.28
14.37
14.49
14.53
14.63
14.69
14.66
14.51
14.43
14.34
14.35
14.42
14.55
14.62
14.7
14.77
14.64
14.54
14.38
14.22
14.21
13.96
13.92
14.16
14.27
14.38
14.37
14.39
14.39
14.34
14.38
14.38
14.05
14.05
14.29
14.42
14.77
14.8
14.71
14.85
14.91
14.99
15.1
15.07
15.25
14.82
14.6
14.55
14.73
14.69
14.58
14.76
14.68
14.7
14.46
14.37
14.31
14.17
14.19
14.3
14.54
14.51
14.46
14.24
14.36
14.7
14.84
14.88
15.01
15.26
15.47
15.59
15.41
15.13
15.03
14.89
14.71
15
15.26
15.5
16.04
16.01
15.88
15.94
15.78
15.69
16.17
16.52
16.56
16.83
17.12
16.92
16.66
15.94
16.39
16.91
17.43
17.22
16.39
16.66
16.9
17.07
17.08
17.06
16.34
16.28
16.6
16.91
17.13
17.01
16.88
16.91
16.87
16.7
16.54
16.55
16.43
16.2
16.05
15.97
15.91
15.72
15.6
15.46
15.33
15.33
14.94
14.92
15.18
15.17
15.1
15.07
14.63
14.44
14.36
14.32
14.26
14.2
14.27
14.24
14.29
14.3
14.36
14.33
14.35
14.32
14.37
14.37
14.33
14.28
14.27
14.31
14.33
14.19
14.22
14.21
14.21
14.17
14.05
13.93
13.79
13.75
13.7
13.58
13.49
13.5
13.46
13.45
13.46
13.43
13.51
13.48
13.45
13.42
13.63
13.85
13.88
13.93
13.89
13.99
14.1
14.3
14.41
14.57
14.76
14.84
14.94
15
14.9
14.56
14.51
14.57
14.91
15.1
15.29
15.08
15.07
15.44
15.89
16.14
16.03
15.56
15.32
15.68
16.13
16.34
16.37
16.69
16.97
17
17.07
17.37
17.1
17.06
17.26
17.55
17.67
17.69
17.73
17.31
17.43
18.06
18
18.29
18.64
18.07
17.54
17.82
18.2
17.91
17.56
17.66
17.61
17.68
17.64
17.59
17.44
17.28
17.31
17.23
17.2
17.18
17.25
17.2
16.92
16.8
16.73
16.69
16.76
16.75
16.81
16.91
16.91
16.91
17.06
17.13
17.17
17.18
17.14
17.09
17.03
17.1
17.2
17.19
17.23
17.17
17.12
16.97
17
16.98
16.91
16.94
16.85
16.87
16.87
16.98
16.95
16.85
16.83
16.94
16.86
16.82
16.78
16.36
16.12
15.89
15.78
15.88
15.63
15.48
15.32
15.31
15.12
15.11
15.16
15.19
15.21
15.05
15.01
15.08
15.31
15.45
15.49
15.45
15.52
15.51
15.5
15.47
15.38
14.94
14.57
14.6
14.53
14.43
14.5
14.4
14.5
14.53
14.48
14.5
14.5
14.63
14.7
14.73
14.83
14.97
15.1
15.15
15.07
14.96
15.14
15.32
15.51
15.48
15.57
15.58
15.48
15.52
15.61
15.81
16.25
16.12
16.37
16.43
16.35
16.44
16.37
15.99
15.91
16.15
16.09
16.07
16.1
15.94
15.94
16.43
16.56
16.81
17.02
16.97
17.71
17.86
17.92
17.98
17.89
17.85
17.63
17.24
16.68
16.55
16.58
16.57
16.84
17.42
17.6
17.89
17.98
18.08
18.17
18.3
18.32
18.4
18.51
18.55
18.55
18.54
18.58
18.64
18.66
18.55
18.5
18.54
18.64
18.59
18.56
18.49
18.33
18.23
18.06
17.94
17.81
17.66
17.53
17.47
17.36
17.37
17.21
17.13
17.14
17.06
16.98
16.91
16.86
16.84
16.83
16.79
16.74
16.73
16.71
16.69
16.63
16.57
16.54
16.5
16.47
16.43
16.39
16.39
16.33
16.28
16.18
15.93
15.87
15.78
15.7
15.57
15.6
15.46
15.11
15.01
15.09
15.02
14.8
14.73
14.6
14.47
14.36
14.21
14.16
14.28
14.46
14.43
14.47
14.38
14.22
14.11
14.05
14.01
14
13.99
13.96
13.93
13.91
13.86
13.75
13.6
13.53
13.56
13.61
13.69
13.77
13.83
13.92
13.99
14
14
14.07
14.12
13.96
14.08
14.1
14.11
14.24
14.3
14.27
14.46
14.55
14.65
14.88
14.99
15.16
15.49
15.55
15.77
16.12
16.3
16.1
16.12
16
16.2
16.55
16.95
18.03
17.92
18.17
18.77
19.14
19.23
18.49
17.18
17.76
18.38
18.21
18
18.06
18.48
19.13
18.96
18.47
18.18
18.06
18.25
18.35
18.41
18.62
18.69
18.79
18.92
18.9
18.79
18.85
19.05
19.49
19.01
18.78
18.92
19.6
19.48
19.17
18.83
18.81
18.9
18.78
18.54
18.31
18.13
17.84
17.62
17.56
17.46
17.3
16.73
16.22
15.69
15.43
15.48
15.99
16.08
15.95
15.53
14.89
14.28
13.5
13.28
13.46
13.98
14.43
14.32
13.69
13.36
12.99
12.56
12.24
12.39
12.43
12.04
12.03
11.75
11.59
11.26
11.28
11.3
11.36
11.04
10.92
10.77
10.65
10.45
10.78
10.27
10.17
10.07
10.07
10.21
10.08
10.57
9.9
9.92
9.82
9.97
9.59
9.81
9.91
10.25
10.36
10.37
10.5
10.47
10.72
10.95
10.87
11.08
11.58
11.8
12.16
13.28
13.1
13.28
13.31
13.65
14.05
14.43
14.6
14.94
15.11
15.34
15.55
15.67
16.02
16.35
16.5
16.95
16.93
17.29
17.29
17.43
17.55
17.79
17.96
17.92
18.12
18.19
18.4
18.44
18.76
18.84
19.33
19.48
19.54
19.4
19.59
19.6
19.79
19.84
19.82
20.05
19.91
20.21
20.35
20.57
20.61
20.65
20.65
20.73
20.97
21.08
20.97
20.74
20.76
20.87
21.03
21.17
21.18
21.2
21.07
21.23
21.07
21.11
21.04
20.89
20.71
20.72
20.64
20.49
20.28
20.08
19.89
19.75
19.62
19.46
19.31
19.14
18.93
18.65
18.39
18.28
18.12
17.67
17.5
17.41
17.47
17.17
17.03
17.03
16.76
17.06
16.77
17.28
17.61
17.61
17.63
17.56
17.53
17.49
17.44
17.38
17.2
17.05
17.09
17.15
17.31
17.26
17.39
17.4
17.4
17.4
17.36
17.24
17.2
17.16
17.07
17.08
16.92
16.78
16.7
16.53
16.46
16.36
16.24
16.18
16.17
16.16
16.05
16.06
16.05
16.08
16.03
16.06
16.15
16.14
16.15
16.14
16.12
16.18
16.2
16.25
16.3
16.33
16.32
16.28
16.19
16.08
16.07
16.11
16.15
16.29
16.33
16.43
16.6
16.85
17.02
17.16
17.39
17.43
17.45
17.6
17.64
17.65
17.55
17.51
17.55
17.57
17.46
16.67
16.22
16.42
16.32
16.29
16.22
16.06
16.05
16.01
15.96
15.96
16.05
16.08
16.08
16.05
16.05
16.05
15.93
15.99
16
15.87
15.79
15.79
15.72
15.64
15.6
15.55
15.56
15.57
15.61
15.61
15.63
15.63
15.68
15.61
15.67
15.65
15.58
15.58
15.67
15.66
15.69
15.7
15.72
15.75
15.78
15.84
15.86
15.83
15.84
15.85
15.85
15.73
15.71
15.69
15.54
15.44
15.46
15.51
15.54
15.61
15.58
15.52
15.45
15.39
15.38
15.34
15.32
15.32
15.3
15.25
15.21
15.16
15.1
15.04
15.04
15.01
15
14.98
14.98
14.98
14.93
14.88
14.85
14.87
14.9
14.89
14.89
14.93
14.94
14.98
14.98
14.96
15.01
15.07
15.12
15.22
15.25
15.27
15.23
15.13
14.97
14.82
14.78
14.72
14.64
14.57
14.43
14.25
14.1
13.93
13.82
13.72
13.7
13.73
13.76
13.9
14.21
14.48
14.72
15.01
15.26
15.48
15.69
15.95
16.02
16.32
16.55
16.96
17.42
17.65
17.88
17.87
18.07
18.4
18.61
18.8
19.03
19.03
19.29
19.33
19.58
19.72
19.81
20.04
20.17
20.25
20.33
20.47
20.69
20.59
20.85
20.94
20.85
21.06
21.46
21.36
21.18
21.32
21.21
21.09
21.3
21.55
21.46
21.26
21.25
21.27
21.61
21.32
21.18
21.3
21.23
21.14
21.19
21.44
21.47
21.43
21.37
21.39
21.32
21.15
21.24
21.18
21.12
21.07
21.01
20.82
20.71
20.55
20.44
20.3
20.07
19.95
19.81
19.65
19.59
19.41
19.17
18.93
18.67
18.49
18.44
18.19
17.56
16.69
16.48
15.53
15.12
14.84
14.87
14.69
14
13.85
14.42
15.39
15.44
15.31
15.12
14.9
14.7
14.75
14.65
14.63
14.2
13.91
13.96
14.13
13.83
13.64
13.46
13.31
13.16
12.86
12.27
11.94
12.87
12.9
12.99
13
12.98
13.04
12.98
12.82
12.38
12.17
11.67
11.3
11.88
12.19
12.15
11.97
11.84
11.81
11.86
11.96
11.87
11.81
11.83
11.95
11.84
12.18
12.7
13.01
13.46
13.6
14.01
14.37
14.94
15.04
15.31
15.76
16.16
16.17
16.49
16.58
16.79
17.14
17.13
17.38
17.71
18.04
18.11
18.3
18.52
18.62
18.8
18.99
19.18
19.15
19.49
19.37
19.54
19.41
19.22
19.27
19.25
19.58
19.71
19.5
19.92
20.16
20.14
20.2
19.81
19.95
20.27
20.46
20.36
20.13
20.58
20.74
20.48
20.59
20.67
20.92
20.76
20.81
20.88
20.69
20.93
20.81
20.58
20.67
20.71
20.69
20.58
20.48
20.54
20.53
20.4
20.18
20.13
20.05
19.9
19.63
19.22
18.72
18.1
17.13
16.37
15.2
14.79
14.2
13.85
13.58
13.26
13.01
12.74
12.62
12.35
12.15
12.31
12.39
12.3
11.93
11.87
11.71
11.57
11.27
11.25
10.98
10.78
10.95
10.99
10.95
10.77
10.85
10.69
10.79
10.4
10.42
10.49
10.44
10.26
10.19
9.82
9.46
9.41
9.38
9.5
9.69
9.43
9.35
9.52
9.3
9.19
9.02
8.99
8.96
9.13
8.77
9.05
8.91
9.39
9.74
9.98
9.92
9.96
10.16
10.29
10.34
10.39
10.49
10.6
12.11
12.93
13.42
13.69
14.01
14.32
14.43
14.64
14.92
15.33
15.64
16.04
16.58
16.35
16.3
16.65
16.95
17.08
16.97
17.54
17.82
17.64
17.8
17.91
18.31
18.28
17.83
17.68
17.85
18.11
18.16
18.19
17.94
18.04
18.3
18.36
18.19
18.15
18.15
18.07
17.85
17.74
17.74
17.69
17.9
18.1
17.83
17.46
17.57
17.22
16.99
17.17
16.92
16.81
16.74
16.29
16.21
16.49
16.68
16.56
16.26
16.21
16.14
16.25
16.44
16.59
16.62
16.63
16.43
16.18
16.06
16
16.02
16
16.01
16
16
16
16.05
16.07
15.99
16.07
16.04
16.09
16.02
16.08
16.1
16.16
16.16
16.14
16.01
15.96
16
15.93
15.72
15.52
15.31
15.26
15.16
15.14
15.03
14.9
14.75
14.59
14.73
14.83
14.84
14.91
14.89
14.99
14.97
14.91
14.87
14.83
14.76
14.65
14.6
14.53
14.53
14.48
14.44
14.39
14.37
14.21
14.12
14.11
14.03
14.08
14.02
14
14.01
13.98
14.02
14.08
14.04
14.09
14.08
13.99
14.04
14.07
14.11
14.14
14.19
14.29
14.43
14.49
14.55
14.71
14.82
14.93
15.03
15.04
14.97
14.69
14.52
14.67
15.08
15.24
15.36
15.55
15.88
15.99
15.99
16.15
16.3
16.24
16.08
16.16
16.46
16.72
17.01
16.93
17.28
17.33
16.88
16.66
16.55
16.14
16.95
17.18
17.69
17.68
17.25
17.17
16.97
16.62
16.67
16.28
16.27
16.51
16.51
16.34
16.36
16.21
16.1
16.21
16.29
16.38
16.36
16.45
16.34
16.27
16.15
16.18
16.24
16.41
16.37
16.57
16.63
16.65
16.62
16.51
16.42
16.45
16.44
16.23
15.55
15.66
15.7
15.73
15.75
15.77
15.68
15.58
15.52
15.46
15.35
15.27
15.22
15.17
15.1
15.12
14.93
14.86
14.7
14.55
14.41
14.28
14.26
14.26
14.21
14.13
13.97
13.94
14
13.97
13.95
13.95
13.92
13.82
13.76
13.52
13.5
13.46
13.45
13.35
13.24
13.15
12.97
12.79
12.74
12.79
12.82
12.79
12.76
12.75
12.69
12.67
12.68
12.69
12.65
12.76
12.85
12.93
13
13.06
13.09
13.14
13.18
13
12.93
13.09
13.18
13.16
13.19
13.21
13.15
13.27
13.36
13.43
13.61
13.76
13.85
13.94
13.78
13.66
13.79
13.89
13.91
14.21
14.31
14.14
14.15
14.44
14.66
14.75
15.02
15.14
15.38
15.7
15.87
16.37
16.64
15.79
15.69
15.65
15.98
16.23
15.99
15.96
16.51
16.42
16.43
17.25
17.03
16.91
16.66
16.59
16.82
17.31
17.34
17.53
17.65
17.31
18.13
17.96
17.75
17.9
18.2
18.18
17.73
17.75
17.89
17.6
17.88
18.24
18.48
18.5
18.48
18.08
18.3
18.07
18.28
17.99
17.79
17.74
17.66
17.79
17.77
17.77
17.71
17.64
17.46
17.26
17.1
16.89
16.6
16.42
15.93
15.54
14.76
14.79
15.3
15.35
14.98
14.73
14.88
14.86
14.86
14.82
15.32
15.49
15.51
15.61
15.63
15.59
15.58
15.48
15.31
15.12
14.98
14.87
14.56
14.67
14.6
14.56
14.61
14.6
14.6
14.59
14.59
14.58
14.56
14.54
14.51
14.46
14.41
14.34
14.3
14.28
14.27
14.17
14.19
14.05
14.02
14.05
14.08
14.03
13.97
13.93
13.78
13.84
13.76
13.86
13.91
13.86
13.93
14.01
14.02
13.98
13.95
13.93
13.92
13.98
14.1
14.23
14.37
14.54
14.68
14.77
14.88
15.02
15.11
15.24
15.34
15.43
15.43
15.4
15.44
15.6
15.88
15.84
15.9
15.96
15.98
16.08
16.48
16.87
16.84
16.74
16.79
16.93
17.04
16.74
16.06
16.32
17.04
17.15
16.84
17.12
16.8
16.61
16.95
16.81
16.63
16.34
15.84
15.93
16
15.94
15.94
16.15
15.93
15.93
16.03
16.16
16.22
16.37
16.38
16.43
16.46
16.42
16.39
16.36
16.32
16.2
15.86
15.71
15.71
15.7
15.5
15.3
15.24
15.14
15.15
15.17
15.2
15.21
15.16
15.06
15.01
15.03
14.97
14.89
14.88
14.82
14.8
14.74
14.71
14.69
14.68
14.64
14.63
14.65
14.69
14.71
14.7
14.67
14.65
14.65
14.64
14.6
14.58
14.53
14.5
14.47
14.46
14.47
14.46
14.46
14.45
14.41
14.34
14.29
14.21
14.16
14.13
14.13
14.14
14.19
14.22
14.23
14.22
14.19
14.11
14.07
14.06
14.06
14.08
14.08
14.06
14.03
14.02
14.01
13.99
14
14.02
14.03
14.04
14.06
14.08
14.06
14.04
14.03
14.03
14.05
14.07
14.12
14.15
14.19
14.23
14.27
14.31
14.32
14.4
14.41
14.48
14.56
14.66
14.81
14.88
14.94
15.12
15.3
15.42
15.55
15.79
15.83
16
16.08
16.33
16.53
16.65
16.66
16.71
16.92
16.91
17.04
17.24
17.19
17.14
17.3
17.34
17.52
17.6
17.6
17.37
17.34
17.18
17.02
16.95
16.89
16.84
16.86
16.96
16.85
16.77
16.78
16.82
16.98
17
16.97
17.04
17.05
17.1
17.21
17.3
17.24
17.13
17.05
16.98
16.94
16.89
16.85
16.8
16.75
16.71
16.69
16.76
16.78
16.76
16.72
16.73
16.72
16.74
16.73
16.73
16.73
16.66
16.61
16.57
16.55
16.5
16.42
16.37
16.3
16.27
16.22
16.19
16.17
16.07
16.06
16.08
16.04
15.99
15.92
15.91
15.94
15.92
15.91
15.93
15.94
16
15.94
15.92
15.87
15.89
15.92
15.87
15.81
15.76
15.77
15.79
15.78
15.75
15.79
15.74
15.79
15.85
15.91
15.9
15.91
15.8
15.7
15.68
15.66
15.63
15.58
15.51
15.44
15.37
15.43
15.49
15.51
15.53
15.57
15.55
15.52
15.64
15.74
15.82
15.89
15.98
16.06
16.16
16.23
16.23
16.34
16.61
16.78
16.91
17.05
17.03
17.15
17.28
17.4
17.36
17.43
17.6
17.51
17.67
17.89
17.81
17.58
17.32
17.06
17.03
17.21
17.22
17.22
17.34
17.32
17.21
17.16
17.74
18.01
18.01
18.06
17.82
17.81
17.88
17.83
17.84
18.02
18.05
17.87
17.84
17.96
17.79
17.82
17.71
17.85
18.29
18.32
18.55
18.37
18.4
18.52
18.34
18.18
18.04
17.94
18.2
18.16
18.17
18.15
18.09
18.14
18.16
18.06
17.99
17.84
17.75
17.64
17.51
17.42
17.35
17.28
17.16
17.07
17.06
17
16.98
17.09
17.01
16.9
16.69
16.37
15.79
15.37
15.2
15.19
15.08
15.59
15.55
15.17
14.97
14.83
14.38
14.52
14.69
14.76
14.82
14.73
14.08
14.19
14.49
14.51
14.44
14.22
14.12
14.02
13.89
13.81
13.64
13.71
13.59
13.55
13.53
13.39
13.28
13.25
13.12
13.04
12.95
12.94
12.88
12.77
12.77
12.75
12.62
12.5
12.39
12.39
12.36
12.27
12.22
12.09
12.16
12.11
12.1
12.04
12.09
12.17
12.31
12.54
12.88
13.09
13.45
13.74
14.03
14.31
14.51
15
15.42
15.73
16.21
16.74
17.01
17.39
17.66
18.06
18.54
18.81
19.06
19.24
19.21
19.47
19.79
20.04
20.19
20.29
20.34
20.31
20.31
20.32
20.42
20.41
20.75
20.94
20.48
20.7
20.54
20.92
21
20.47
21.25
21.16
21.22
20.84
21.47
21.57
21.37
20.95
20.91
21.29
20.84
21.2
21.16
21.51
21.29
21.21
21.69
21.71
21.42
21.78
22.01
21.76
21.34
21.53
21.65
21.72
21.73
21.67
21.53
21.26
21.04
20.76
20.53
20.39
20.2
19.95
19.73
19.24
18.97
18.67
18.37
18.11
17.95
17.68
17.47
17.26
17.07
16.83
16.6
16.39
16.29
16.13
15.94
15.84
15.7
15.57
15.51
15.52
15.4
15.3
15.19
15.15
15.03
15.02
15
14.97
14.87
14.92
14.89
14.74
14.61
14.5
14.38
14.33
14.31
14.29
14.27
14.25
14.21
14.2
14.18
14.07
14.08
14.04
14.02
14.01
14.01
13.99
14.01
13.95
13.95
13.95
14.02
13.98
14.04
14.05
13.96
13.95
13.93
13.93
13.92
13.93
13.99
14.15
14.15
14.16
14.28
14.25
14.13
14.07
14.22
14.33
14.35
14.87
15.3
15.54
16.09
16.15
16.53
16.63
16.94
16.83
17.1
17.41
17.63
18.15
18.11
18.39
18.76
18.92
19.14
19.2
19.55
19.74
20.1
20.49
20.42
20.71
20.86
20.84
21.16
21.61
21.62
21.64
21.67
21.56
22.17
22.13
22.07
22.23
22.43
22.07
22.56
22.13
22.28
22.58
22.38
22.07
22.17
22.24
22.19
21.91
21.83
21.94
21.89
21.64
21.59
21.51
21.32
21.1
21.05
20.93
20.62
20.34
20.17
19.8
19.5
19.27
19.05
18.85
18.68
18.57
18.35
18.15
18
17.84
17.68
17.56
17.43
17.27
17.09
16.99
16.7
16.56
16.45
16.29
16.18
15.99
15.94
15.78
15.67
15.64
15.59
15.47
15.35
15.26
15.1
15.1
15.12
15.04
14.99
14.95
14.87
14.83
14.75
14.7
14.63
14.56
14.55
14.56
14.49
14.2
14.22
14.01
13.53
13.35
13.29
13.34
13.5
13.62
13.8
14.3
14.75
14.69
14.53
14.5
14.31
14.19
14.13
13.73
13.67
13.64
13.69
13.65
13.65
13.64
13.75
13.87
13.97
14.2
14.36
14.44
14.6
14.74
14.82
14.92
14.93
15.01
15.22
15.08
15.26
15.37
15.44
15.59
15.73
15.8
15.83
15.91
15.97
16.08
16.17
16.18
16.16
16.21
16.24
16.21
16.29
16.33
16.42
16.41
16.45
16.56
16.6
16.79
16.77
16.79
16.88
17
16.76
16.72
16.76
16.89
17.01
17.15
17.41
17.36
17.37
17.29
17.21
17.27
17.26
17.38
17.61
17.47
17.49
17.56
17.46
17.32
17.32
17.32
17.31
17.27
17.27
17.34
17.31
17.19
17.11
17.09
17.12
17.04
16.97
16.89
16.83
16.69
16.66
16.65
16.6
16.6
16.53
16.37
16.37
16.55
16.47
16.42
16.4
16.3
16.2
16.18
15.84
14.93
14.35
13.64
13.07
12.96
12.56
12.24
12.05
11.9
11.59
11.38
11.36
11.15
11.08
10.91
10.75
10.85
10.59
10.43
10.29
10.16
10.07
9.99
9.83
9.8
9.87
9.52
10.02
10.66
10.61
9.79
9.75
10.1
10.12
10.48
10.62
10.19
10
9.66
10.16
10.3
10.27
11.05
11.66
12.48
12.94
13.14
13.18
13.27
13.41
13.58
13.77
13.94
14.13
14.3
14.43
14.56
14.67
14.75
14.93
15.12
15.16
15.14
15.17
15.35
15.36
15.41
15.62
15.74
15.97
16.11
15.99
16.31
16.64
16.79
16.96
16.93
17.04
17.59
17.48
17.73
17.76
18.04
18.12
18.37
18.34
18.42
18.89
18.6
18.8
18.86
19
19.09
19.15
19.19
19.33
19.59
19.38
19.66
19.58
19.75
19.4
19.48
19.35
19.38
19.29
19.47
19.26
19.29
19.11
19.2
19.2
19.18
19.01
19.07
19.1
19.09
18.71
18.3
18.19
18
17.79
17.48
17.25
16.98
16.86
16.67
16.49
16.35
16.18
16.01
15.93
15.88
15.84
15.89
15.85
15.77
15.55
15.38
15.29
15.28
15.24
15.15
15.11
14.94
14.73
14.63
14.36
14.28
14.25
14.16
14.07
13.94
13.92
13.8
13.68
13.59
13.46
13.29
13.16
12.97
12.86
12.84
12.74
12.67
12.61
12.49
12.46
12.38
12.32
12.14
12.11
12.25
12.35
12.31
12.42
12.49
12.63
12.68
12.72
12.93
12.99
13.08
13.12
13.24
13.41
13.94
14.13
14.12
14.15
14.25
14.31
14.38
14.42
14.45
14.54
14.65
14.67
14.82
14.92
14.94
14.96
15.01
15.08
15.15
15.16
15.22
15.35
15.39
15.4
15.57
15.7
15.89
15.88
16.33
16.17
17.03
16.73
16.7
16.84
16.79
16.83
17.05
16.9
17.13
17.06
17.02
16.93
16.89
16.66
16.86
16.85
17.76
18.07
17.97
18.24
18.02
18.14
18.13
18.12
18.03
18.25
18.7
18.46
18.86
19.05
19.06
19.06
19.05
18.97
19.15
19.3
20.04
19.35
19.56
19.64
19.43
19.3
19.87
20.31
19.77
19.24
18.79
18.6
18.43
18
17.49
16.83
16.09
15.9
17.14
17.32
17.15
16.81
16.63
16.48
16.3
16.16
16.03
15.9
15.79
15.63
15.54
15.35
15.22
15.11
14.96
14.82
14.74
14.59
14.52
14.47
14.37
14.37
14.27
14.22
14.23
14.18
14.12
14.1
14.03
13.99
13.93
13.92
13.87
13.71
13.59
13.52
13.37
13.1
12.97
12.9
12.73
12.3
12.03
12.33
12.23
12.23
12.06
11.93
11.85
11.75
11.82
11.8
11.79
11.75
11.73
11.6
11.53
11.57
11.48
11.42
11.35
11.14
10.86
10.8
10.89
10.96
10.97
11.11
11.43
11.52
11.71
11.91
12.06
12.33
12.52
12.68
13.01
13.39
13.65
13.72
13.69
13.92
14.22
14.52
14.65
14.8
14.99
14.9
15.4
15.68
15.71
15.9
15.89
16.06
16.4
16.72
17.28
17.13
17.34
17.51
17.52
17.66
17.63
18.36
18.3
18.37
18.39
18.61
19.03
19.27
19.43
19.5
19.68
19.77
20.21
19.99
19.83
19.67
19.93
19.76
19.44
20
20.09
20.18
20.26
20.23
20.27
19.71
19.5
19.84
19.99
19.65
18.98
18.76
18.63
18.58
18.66
18.56
18.55
18.39
18.16
17.99
17.75
17.39
16.9
15.65
15.12
14.44
13.96
14.44
14.02
13.49
13.43
13.12
12.89
12.91
12.71
12.58
12.52
12.16
12.21
11.88
11.67
12.13
11.84
11.18
11.03
11.06
11.23
10.85
10.86
10.7
10.65
11.11
10.63
10.32
10.59
10.77
10.35
10.58
10.32
9.83
9.65
9.8
9.81
9.78
9.79
9.36
9.5
9.26
9.14
9.13
9.93
9.46
8.92
8.68
8.64
8.89
8.63
8.57
8.57
8.79
8.41
8.66
8.85
9.1
9.14
9.08
9.32
9.37
9.1
9.15
9.23
9.41
9.68
9.76
9.89
10.04
10.15
10.44
10.69
10.85
11.42
11.82
12.56
12.93
13.71
13.86
14.27
15.62
15.9
16.93
17.3
17.96
18.05
18.51
18.71
18.53
18.79
19.23
19.24
18.75
19.33
18.95
18.81
18.96
18.99
19.34
19.36
19.03
19.56
19.75
19.75
19.68
19.68
19.85
20.12
20.47
20.32
20.2
20.06
20.06
20
19.83
19.91
19.89
19.87
19.79
19.8
19.84
19.83
19.85
19.86
19.94
19.85
19.84
19.77
19.66
19.65
19.62
19.58
19.46
19.27
19.04
18.85
18.62
18.5
18.4
18.34
18.23
18.12
17.99
17.75
17.58
17.4
17.09
16.87
16.86
16.84
16.68
16.2
16.25
15.84
15.37
14.96
14.86
14.84
15.1
15.23
14.74
14.29
13.75
13.29
13.3
13.05
13.01
12.49
12.57
13.06
13.93
13.97
14.18
14.37
14.72
14.84
15
15.2
15.16
15.19
15.19
15.14
15.06
15.01
14.99
14.89
14.79
14.54
14.28
14.29
14.2
14.08
13.66
13.59
13.61
13.12
12.72
12.22
12.07
11.81
11.89
11.52
11.48
11.41
11.44
11.23
11.61
12.17
12.26
12.7
13.03
13.38
14.3
15.01
15.38
15.52
15.42
16.03
16.49
16.5
16.46
16.87
17.1
17.16
18.02
17.99
18.19
17.88
17.81
18.59
19.14
18.74
18.92
19.15
19.63
19.47
19.74
19.86
19.75
19.9
20.1
20.26
20.71
20.66
20.69
21.26
21.14
21.04
21.14
21.3
21.47
21.59
21.88
21.91
21.8
22.36
22.13
22.22
22.35
22.39
22.75
22.79
22.65
22.41
22.29
22.38
22.43
22.4
22.75
22.61
22.5
22.35
22.33
21.94
21.42
21.54
21.51
21.47
21.18
20.97
20.76
20.63
20.55
19.92
18.84
18.17
17.91
17.24
16.95
16.44
16.83
16.33
16.16
15.69
15.26
15.41
15.19
14.93
14.73
14.57
14.46
14.57
14.69
14.7
14.37
14.17
14.24
14.28
14.31
14.37
14.36
14.2
13.96
13.95
13.25
12.74
12.93
12.79
12.73
12.68
13.17
13.37
13.23
12.87
12.81
12.72
12.61
12.11
12.47
12.39
12.3
12.51
12.4
12.21
12.17
12.17
12.38
12.47
12.41
12.38
12.33
12.23
12.14
11.95
11.73
12.01
11.97
11.79
12.29
11.98
12.25
12.8
13.06
13.17
13.44
13.82
14.26
14.43
15.04
15.34
15.75
15.94
16.41
16.64
17.04
17.29
17.77
17.99
18.52
18.7
19.04
19.41
19.73
19.98
20.36
20.38
20.72
20.73
21.05
21.25
21.42
21.47
21.75
22.03
22.3
22.41
22.62
22.69
22.87
22.88
23.09
23.42
23.82
23.96
23.8
24.05
23.89
24
24.07
24.09
24.08
24.2
24.19
24.23
24.22
24.25
24.32
24.28
24.27
24.32
24.36
24.28
24.17
24.06
23.95
23.82
23.77
23.63
23.54
23.3
23.07
22.71
22.36
21.95
21.44
20.43
18.76
18.12
17.54
16.82
16.45
16.13
16.31
15.91
15.57
15.58
15.45
14.94
14.92
14.98
14.58
14.72
15.08
15.99
15.96
15.5
15.47
15.73
15.43
15.03
14.94
14.93
14.79
14.73
14.91
14.44
14.14
14.06
13.92
14.11
13.61
13.72
13.31
13.29
13.59
14.22
14.28
13.81
13.71
13.29
13.6
13.9
13
12.59
12.37
12.07
11.99
12.05
11.99
11.85
12.06
11.91
11.64
11.66
11.52
11.43
11.54
11.76
11.96
12.3
11.81
11.46
11.12
11.35
11.65
11.8
12.77
13.39
13.83
14.51
15.08
15.59
15.85
15.86
16.11
16.66
17.65
17.54
18.03
18.19
18.57
19
19.1
19.32
19.79
20.14
20.55
21.08
21.6
22.24
22.52
22.77
22.93
23.28
23.52
23.56
23.65
23.89
23.94
24.03
24.21
24.31
24.42
24.48
24.99
25.57
25.21
25.24
25.5
25.62
25.73
26.05
26.09
26.11
26.28
26.22
26.34
26.32
26.26
26.35
26.43
26.38
26.37
26.36
26.32
26.19
26.17
26.16
25.93
25.87
25.72
25.68
25.45
25.07
24.66
24.1
23.48
22.74
21.86
21.19
20.28
19.97
19.58
18.95
18.63
18.32
17.98
17.88
17.88
17.7
17.71
17.77
18.15
18.06
17.83
17.44
16.78
16.59
16.45
16.28
16.17
15.83
15.7
15.68
15.69
15.53
15.43
15.5
15.27
15.28
15.56
15.32
15.27
15.27
15.54
15.67
15.67
16.26
16.43
16.15
16.08
16.61
17.46
17.52
17.44
17.33
17
17.1
16.91
16.95
16.7
16.96
17.07
17.14
17.49
17.28
17.2
17.3
17.56
17.65
17.64
17.42
17.7
17.86
18.48
18.83
19.43
19.58
19.17
18.5
18.45
18.74
18.73
18.47
17.96
17.88
18.03
18.19
18.28
18.25
18.18
18.23
18.28
18.33
18.38
18.32
18.38
18.47
18.52
18.53
18.5
18.4
18.28
18.3
18.29
18.2
18.15
18.14
18.2
18.23
18.33
18.46
18.65
18.78
18.88
19
19.13
19.41
19.69
19.79
20.08
20.21
20.16
20.59
20.63
21.34
21.2
21.51
21.53
21.39
21.81
21.83
21.98
21.69
21.58
21.54
21.46
21.42
21.38
21.4
21.38
21.35
21.35
21.23
21.24
21.12
21.01
20.85
20.67
20.43
20.3
20.09
19.94
19.79
19.66
19.45
19.13
19.06
19.19
19.15
19.23
19.34
19.38
17.35
17.3
17.27
17.2
17.17
17.11
17.17
16.97
16.9
16.87
16.83
16.92
17.04
16.96
16.89
16.84
16.82
16.8
16.8
16.79
16.77
16.8
16.79
16.8
16.82
16.82
16.89
16.79
16.76
16.6
16.56
16.56
16.75
16.82
17.03
17.11
17.07
16.82
16.82
16.9
16.86
16.98
17.03
17.04
16.93
16.99
17.33
17.48
17.52
17.49
17.47
17.45
17.45
17.39
17.3
17.32
17.33
17.33
17.34
17.34
17.32
17.36
17.44
17.49
17.53
17.59
17.66
17.77
17.92
18
18.12
18.26
18.45
18.62
18.67
18.71
18.78
18.88
19.07
19.28
19.4
19.38
19.29
19.09
18.82
18.88
18.99
19.14
19.3
19.47
20.01
20.2
20.27
20.68
20.63
20.56
20.18
19.99
20.21
20.44
20.29
20.16
20.16
20.3
20.38
20.37
20.74
20.91
20.8
20.64
20.61
20.47
20.4
20.63
20.76
20.55
20.42
20.29
20.2
19.7
19.3
19
18.65
18.56
18.49
18.48
18.55
18.63
18.65
18.61
18.54
18.58
18.63
18.82
18.74
18.71
18.58
18.68
18.6
18.48
18.39
18.32
18.45
18.33
18.19
18.12
18.16
18.2
18.16
18.13
18.2
18.16
18.13
18.11
17.96
17.83
17.82
18
18.01
18.1
18.29
18.36
18.34
18.39
18.4
18.32
18.28
18.25
18.17
18.13
18.18
18.17
18.09
18.06
18.01
18.03
18.03
17.99
17.98
17.95
17.98
17.9
17.84
17.89
17.78
17.62
17.64
17.67
17.68
17.71
17.69
17.66
17.71
17.74
17.51
17.26
17.16
17.1
17.04
17.09
17.11
17.05
17.1
17.07
17.08
17.2
17.23
17.26
17.3
17.37
17.41
17.51
17.53
17.61
17.69
17.74
17.81
17.88
17.98
18.06
18.24
18.35
18.35
18.43
18.66
18.54
18.58
18.65
18.71
19.09
18.85
19.04
18.91
18.93
19.25
19.23
19.06
19.21
19.54
19.47
19.39
19.83
19.97
20.04
20.09
20.35
20.59
20.62
20.64
20.56
20.68
20.91
21.19
21.09
20.83
20.79
20.64
20.5
20.46
20.41
20.31
19.45
18.89
18.68
17.96
17.7
17.97
18.08
18.16
18.29
18.26
18.11
17.83
17.77
17.75
17.78
17.84
17.72
17.69
17.63
17.56
17.52
17.5
17.3
17.1
17.12
16.99
16.89
16.79
16.68
16.57
16.35
16.24
16.05
15.59
15.55
15.95
16.15
15.91
15.39
15.06
14.83
14.79
14.75
14.82
14.81
14.69
14.59
14.57
14.66
14.69
14.79
15
15.24
15.33
15.18
15.2
15.26
15.22
15.19
15.17
15.11
14.94
14.88
14.84
14.97
14.96
14.98
14.99
15.04
15.14
15.14
15.12
15.1
15.07
15.07
14.9
14.86
14.83
14.86
14.95
14.97
14.89
14.76
14.74
14.76
14.83
14.99
15.13
15.22
15.25
15.25
15.32
15.36
15.44
15.55
15.68
15.73
15.82
15.92
15.88
15.87
15.91
15.96
16.04
16.02
15.71
15.95
16.02
15.74
15.6
16.03
16.22
16.37
16.38
16.38
16.67
16.78
16.89
16.91
16.9
16.8
16.62
16.51
16.67
16.88
16.86
16.99
17.17
17.28
17.65
17.76
17.79
17.51
17.36
17.47
17.47
17.44
17.47
17.29
17.07
17.23
17.37
17.43
17.45
17.4
17.46
17.43
17.5
17.43
17.36
17.29
17.23
17.16
17.13
17.07
17.27
17.14
16.88
16.6
16.16
15.34
14.51
14.07
14.11
13.49
13.26
12.99
13.03
12.7
12.53
12.18
11.9
11.87
11.78
11.86
11.62
11.52
11.36
11.39
11.25
11.38
11.08
11.12
10.85
10.65
10.9
11.16
11.47
11.61
11.56
11.85
11.88
11.72
11.42
11.27
11.26
10.98
10.3
10.7
10.43
10.26
10.51
10.4
10.37
10.41
10.26
10.52
10.57
10.52
10.75
11.01
10.73
11.17
11.21
11.04
11.31
11.28
11.25
11.26
11.24
11.44
11.56
11.8
11.92
11.95
12.03
12.08
12.23
12.44
12.51
12.57
12.65
12.66
12.84
12.98
13.18
13.32
13.49
13.77
13.91
14.05
14.38
14.65
14.9
15.51
15.89
16.25
16.33
16.76
17.03
17.23
17.37
17.6
17.83
18
18.18
18.41
18.31
18.55
18.66
18.63
19.25
19.23
19.56
19.59
19.54
19.77
19.65
19.68
19.93
20.09
20.3
20.37
20.29
20.46
20.29
20.79
20.92
20.96
21.15
21.08
21.05
21.32
21.24
21.17
21.35
21.29
21.18
21.43
21.23
21.26
21.28
21.23
20.97
20.82
20.73
20.72
20.63
20.58
20.32
19.98
19.64
19.35
18.95
18.74
18.46
18.2
18.28
18.48
18.29
18.02
17.85
17.59
17.18
17.14
17.2
17.1
16.94
16.74
16.53
16.39
16.45
16.45
16.31
16.15
16.17
16.28
16.57
16.78
16.88
17.08
17.17
17.26
17.33
17.23
17.1
16.96
16.91
16.77
16.7
16.63
16.56
16.56
16.49
16.47
16.4
16.39
16.33
16.27
16.2
16.19
16.18
16.2
16.09
16.03
15.98
15.97
15.9
15.85
15.88
15.87
15.8
15.69
15.58
15.51
15.45
15.4
15.3
15.29
15.29
15.24
15.17
15.1
15.04
15.05
15.11
15.18
15.22
15.26
15.28
15.36
15.45
15.51
15.56
15.64
15.67
15.75
15.81
15.95
15.98
15.89
15.72
15.8
16
16.08
16.21
16.31
16.44
16.56
16.56
16.64
16.52
16.53
16.51
16.52
16.56
16.66
16.82
16.87
17.02
17.08
17.06
17.02
17.07
17.1
17.02
17.04
17.07
17.04
16.96
16.83
16.79
16.75
16.7
16.62
16.54
16.54
16.59
16.62
16.66
16.72
16.77
16.85
16.9
17.03
17.05
17.14
17.21
17.3
17.22
17.37
17.36
17.44
17.41
17.4
17.45
17.41
17.4
17.48
17.39
17.38
17.36
17.27
17.21
16.99
16.89
16.9
17
17.15
17.22
17.11
17.08
17.16
17.23
17.24
17.22
17.24
17.25
17.29
17.6
17.77
17.94
17.99
17.98
17.93
17.91
17.9
17.77
17.63
17.51
17.44
17.31
17.2
17.15
17.08
16.95
16.85
16.75
16.69
16.66
16.62
16.72
16.69
16.56
16.48
16.47
16.38
16.22
16.09
16.07
15.98
15.87
15.82
15.73
15.71
15.64
15.53
15.45
15.42
15.41
15.46
15.34
15.19
14.99
14.81
14.69
14.64
14.53
14.48
14.53
14.56
14.58
14.66
14.67
14.69
14.72
14.76
14.82
14.87
14.9
14.92
14.99
15.08
15.14
15.26
15.39
15.57
15.69
15.81
16
16.26
16.47
16.6
16.86
16.88
17.15
17.33
17.39
17.72
17.92
17.96
17.97
18.11
18.2
17.98
18
18.4
18.75
18.81
18.48
18.2
17.97
18.31
17.2
17.07
17.83
18.15
17.87
18.3
18.32
18.31
18.38
18.05
18.02
18.15
18.12
17.82
17.9
17.73
17.72
17.8
17.62
17.05
16.81
16.64
16.23
16.44
16.41
16.44
16.44
16.49
16.45
16.32
16.1
16.18
16.24
16.22
16.1
16.01
16.04
15.95
15.79
15.85
15.71
15.54
15.66
15.81
15.89
15.89
15.83
15.85
15.84
15.8
15.76
15.84
15.88
15.8
15.66
15.74
15.82
15.78
15.67
15.7
15.71
15.69
15.52
15.43
15.4
15.31
15.27
15.24
15.18
15.18
15.12
15.11
15.14
15.1
15.08
14.98
14.98
15.04
15
14.98
14.98
14.95
14.96
14.96
14.93
14.92
14.9
14.92
14.86
14.86
14.81
14.65
14.55
14.51
14.42
14.35
14.25
14.2
14.16
14.14
14.13
14.05
14
14
13.95
13.9
13.84
13.77
13.87
13.92
14.09
14.02
14.17
14.23
14.51
14.54
14.68
14.67
14.98
15.44
15.11
14.98
15.09
15.35
15.47
15.79
15.48
15.44
15.31
15.4
15.56
15.36
15.52
15.16
15
15.09
15.1
15.08
15.1
15.26
15.42
15.5
15.48
15.35
15.34
15.54
15.47
15.62
15.75
15.82
15.57
15.61
15.47
15.54
15.69
15.6
15.75
15.7
15.8
15.77
15.78
15.75
15.61
15.55
15.44
15.44
15.42
15.36
15.28
15.17
15.03
14.98
14.89
14.8
14.74
14.63
14.58
14.49
14.47
14.44
14.47
14.43
14.42
14.3
14.22
14.17
14.08
14.07
14.07
14.02
13.99
13.98
13.92
13.86
13.79
13.75
13.67
13.65
13.66
13.68
13.65
13.67
13.66
13.64
13.66
13.69
13.65
13.64
13.61
13.62
13.63
13.6
13.61
13.59
13.56
13.51
13.49
13.44
13.43
13.44
13.44
13.4
13.36
13.09
12.9
12.79
12.75
12.76
12.77
12.81
12.86
12.92
12.99
13.05
13.1
13.15
13.17
13.17
13.19
13.23
13.27
13.34
13.4
13.45
13.49
13.55
13.62
13.74
13.83
13.93
14.08
14.19
14.39
14.58
14.54
14.66
14.78
15.04
15.22
15.3
15.52
15.62
15.86
16.01
16.3
16.13
15.96
15.75
15.66
15.62
15.81
16.01
16.23
16.37
16.5
16.45
16.38
16.46
16.22
16.26
15.98
15.57
15.51
15.32
15.56
15.92
16.24
16.55
16.63
16.81
17
16.99
17.19
17.41
17.46
17.23
16.99
16.87
16.82
16.89
16.96
17.03
17.05
17.1
17.12
17.14
17.17
17.17
17.31
17.26
16.52
16.28
16.17
16.05
15.96
15.9
15.88
15.85
15.75
15.68
15.59
15.52
15.38
15.3
15.22
15.14
15.06
14.97
14.87
14.72
14.6
14.37
14.09
13.87
13.7
13.53
13.43
13.34
13.25
13.22
13.12
13.05
12.95
12.76
12.59
12.4
12.15
12.01
11.95
11.95
11.75
11.63
11.68
11.59
11.57
11.31
11.2
11.11
10.88
10.87
10.84
10.86
10.72
10.47
10.31
9.7
9.17
8.95
8.88
9.03
9.54
9.79
9.96
9.95
10.01
10.14
10.3
10.46
10.7
11.63
11.98
12.14
12.11
12.05
12.02
12.01
12.04
12.01
11.97
12
12
12.04
12.08
12.1
12.19
12.3
12.47
12.57
12.65
12.72
12.77
12.92
13.1
13.17
13.33
13.35
13.55
13.66
13.95
14.13
14.7
14.71
14.83
14.85
14.92
14.88
15
15.06
15.05
15.06
15.13
15.2
15.16
15.19
15.08
14.92
14.99
15.19
15.26
15.27
15.44
15.89
15.53
15.33
15.3
15.35
15.55
15.28
15.04
15.08
15.22
15.09
14.94
14.95
15.07
15.17
15.07
15.02
14.96
14.92
14.89
14.83
14.77
14.69
14.61
14.54
14.43
14.33
14.22
14.06
13.94
13.95
13.9
13.79
13.81
13.81
13.74
13.7
13.63
13.53
13.46
13.38
13.31
13.29
13.23
13.16
13.13
13.02
12.97
12.92
12.83
12.8
12.75
12.71
12.68
12.66
12.59
12.48
12.46
12.47
12.39
12.36
12.22
12.23
12.3
12.22
12.26
12.21
12.04
12.05
12.14
12.19
12
11.9
11.89
11.84
11.82
11.77
11.73
11.71
11.7
11.71
11.68
11.65
11.61
11.59
11.59
11.5
11.46
11.45
11.42
11.48
11.41
11.42
11.45
11.41
11.35
11.39
11.25
11.27
11.27
11.23
11.39
11.4
11.37
11.48
11.52
11.65
11.81
11.95
12.07
12.2
12.24
12.32
12.45
12.53
12.67
12.87
12.87
12.99
12.99
13.26
13.38
13.37
13.36
13.62
13.56
13.7
13.61
13.68
13.87
13.98
13.91
13.91
14.11
14.12
14.23
14.19
14.17
14.25
14.29
14.39
14.36
14.39
14.49
14.33
14.17
14.09
13.93
13.94
13.86
13.7
13.74
13.74
13.75
13.72
13.71
13.72
13.82
13.78
13.74
13.73
13.68
13.66
13.6
13.58
13.59
13.57
13.51
13.49
13.45
13.41
13.32
13.25
13.19
13.13
13.07
13.03
12.57
12.02
12.39
12.76
12.5
12.31
12.34
12.31
12.51
12.85
12.67
12.08
11.54
11.37
11.05
10.72
10.53
10.32
10.02
9.66
9.57
9.54
9.5
9.68
9.71
9.6
9.69
9.7
9.41
9.14
9.21
8.76
8.92
9.14
8.47
7.88
8.15
7.92
7.67
7.64
7.75
7.39
7.34
7.51
7.7
8.04
8.19
8.42
8.63
8.79
8.9
9.06
9.01
9.07
9.2
9.18
9.27
9.3
9.35
9.33
9.65
9.8
9.75
9.73
9.65
9.64
9.85
9.87
9.8
10.13
10.23
10.22
10.52
10.69
10.87
10.97
11.01
11.26
11.56
11.86
11.56
10.82
10.71
10.88
11.1
11.22
11.39
11.66
11.75
11.8
11.81
11.95
12.09
12.01
11.88
12.03
12.43
12.74
12.86
13.32
13.64
14.05
14.34
14.65
14.74
14.77
14.79
14.94
15.05
15.06
14.97
15.32
15.52
15.79
16
16.09
16.24
16.36
16.42
16.41
16.48
16.57
16.43
16.33
16.32
16.26
16.2
16.21
15.76
14.92
15.13
15.41
15.5
15.34
14.89
14.47
14.43
14.37
14.45
14.68
14.71
14.68
14.63
14.63
14.72
14.73
14.89
15.05
15.08
14.92
14.85
14.79
14.67
14.54
14.56
14.5
14.37
14.27
14.04
14.11
14.07
13.9
13.76
13.69
13.64
13.58
13.47
13.45
13.31
13.36
13.28
12.93
12.89
12.86
12.53
12.58
12.67
12.82
12.85
12.89
12.96
13.08
13.15
13.05
12.96
12.86
12.75
12.69
12.36
11.92
11.56
10.98
10.68
10.34
10.23
10.22
10.6
11.11
11.21
11.04
10.69
10.43
10.41
10.51
10.29
10.82
11.22
11.32
11.14
11.15
11.19
11.27
11.24
11.36
11.63
11.68
11.66
11.94
12.07
12.26
12.38
12.47
12.77
13.1
13.45
13.67
13.84
13.94
14.49
14.63
14.99
15.35
15.28
15.36
15.77
15.95
15.76
16.26
16.05
15.88
15.85
15.73
16.18
16.39
16.41
16.4
16.52
16.54
16.58
16.88
17.44
17.76
18.05
17.98
18.1
17.98
18.5
18.54
18.45
18.47
18.36
18.64
18.76
18.88
19.09
19.04
19.03
19.14
19.02
18.81
18.72
18.84
18.63
18.65
18.48
18.25
18.2
18.04
17.93
17.65
17.32
17
16.76
16.31
16.06
15.87
15.62
15.36
15.18
15.05
14.92
14.68
14.59
14.37
14.33
14.15
13.85
13.79
13.42
13.59
13.52
13.18
12.99
12.87
12.82
12.36
11.8
11.91
11.8
12.59
14.17
14.95
15.2
15.13
14.88
14.83
14.69
14.71
14.79
14.84
14.81
14.78
14.65
14.56
14.61
14.58
14.44
14.46
14.42
14.31
14.27
14.13
13.93
13.64
13.29
13.04
12.97
12.62
12.21
12.01
12.01
11.99
12
12.29
12.22
13.24
13.59
13.49
13.47
13.31
13.3
13.34
13.48
13.31
13.29
13.2
13.33
13.51
13.62
13.61
13.64
13.63
13.66
13.61
13.76
13.93
14.05
14.09
14.24
14.39
14.54
14.78
15
15.14
15.06
15.07
15.09
15.16
15.23
15.27
15.3
15.36
15.52
15.6
15.73
15.92
16.1
16.3
16.37
16.45
16.54
16.51
16.49
16.56
16.55
16.59
16.61
16.63
16.66
16.73
16.8
16.7
16.48
16.07
15.91
16.01
16.04
16
16.11
15.99
15.88
15.85
15.74
15.69
15.95
15.91
15.46
15.34
14.9
14.91
15.1
15.23
15.36
15.5
15.48
15.48
15.55
15.57
15.49
15.42
15.43
15.38
15.09
15.08
15.23
15.35
15.27
15.11
14.89
14.97
14.74
14.5
14.29
14.18
13.93
13.71
13.72
13.71
13.68
13.65
13.67
13.62
13.62
13.53
13.6
13.62
13.65
13.63
13.54
13.17
12.95
13.01
13.1
13.08
12.96
12.93
12.66
12.45
12.24
12.09
12.11
12.2
12.11
12.27
12.5
12.53
12.42
12.29
11.94
11.81
11.73
11.64
11.5
11.62
11.69
11.51
11.28
11.26
11.25
11.32
11.38
11.36
11.24
11.37
11.34
11.29
11.2
11.11
11.09
11.1
11.24
11.35
11.4
11.55
11.76
12.04
12.16
12.43
12.6
12.49
12.27
12.2
12.36
12.61
12.89
13.17
13.66
14.12
14.22
14.54
14.76
14.94
15.04
15.11
15.12
15.19
15.29
15.47
15.6
15.66
15.67
15.67
15.71
15.79
15.88
15.94
15.95
15.85
15.83
16.11
16.51
16.92
17.2
17.24
17.27
17.37
17.47
17.53
17.6
17.68
17.72
17.78
17.82
17.89
17.9
17.89
17.88
17.85
17.83
17.79
17.85
17.81
17.78
17.8
17.78
17.76
17.69
17.69
17.72
17.69
17.73
17.69
17.81
17.87
17.88
17.86
17.87
17.69
17.57
17.46
17.39
17.35
17.26
17.27
17.33
17.43
17.45
17.54
17.57
17.59
17.59
17.65
17.69
17.74
17.79
17.75
17.69
17.59
17.67
17.72
17.53
17.58
17.54
17.47
17.41
17.3
17.2
17.09
16.99
16.95
16.87
16.84
16.82
16.8
16.77
16.76
16.77
16.74
16.69
16.56
16.47
16.46
16.44
16.35
16.22
16.17
15.97
15.89
15.79
15.74
15.73
15.75
15.84
15.97
16.01
16.03
16
15.95
15.82
15.74
15.74
15.82
15.89
15.9
15.9
15.92
15.96
16
16.08
16.13
16.22
16.3
16.4
16.51
16.57
16.58
16.62
16.71
16.79
16.89
17
17.05
17.16
17.3
17.44
17.6
17.63
17.78
17.89
17.93
18.06
18.11
18.3
18.43
18.61
18.7
18.63
18.65
18.76
18.97
19.21
19.29
19.54
19.58
19.68
19.63
19.78
19.97
20.31
20.7
20.52
20.69
20.58
20.53
20.45
20.42
20.82
20.58
20.49
20.35
20.48
20.12
20.12
20.08
19.94
19.78
19.71
19.68
19.63
19.48
19.26
19.09
18.93
18.64
18.56
18.61
18.47
18.1
17.46
17.25
17.06
16.76
16.84
16.65
16.22
16.06
16.12
16.06
16.32
16.32
16.32
16.33
16.24
16.15
16.12
16.07
16.03
16.24
16.17
16.24
16.33
16.25
15.98
16.05
15.7
15.51
15.63
15.45
15.35
15.36
15.1
14.95
14.69
14.66
14.76
14.51
14.42
14.71
14.76
14.83
14.81
14.8
14.74
14.8
14.94
14.96
14.95
14.88
14.81
14.8
14.78
14.83
14.84
14.93
14.95
14.96
15.03
15.19
15.36
15.5
15.55
15.49
15.5
15.56
15.65
15.75
15.8
15.83
15.87
15.91
15.94
16
16.04
16.19
16.6
16.88
17.21
17.68
17.91
18.18
18.47
18.54
18.83
19.05
19.17
19.38
19.59
19.68
19.95
20.27
20.14
20.37
20.5
20.73
20.89
21.16
21.35
21.81
21.6
21.89
22.08
22.21
22.39
22.71
22.44
22.05
22.04
22.08
22.29
22.9
22.76
22.41
22.44
22.31
22.23
22.18
22.21
22.49
22.56
22.49
22.6
22.51
22.5
22.44
22.34
22.33
22.33
22.3
22.35
22.24
21.98
21.66
21.22
20.84
20.94
20.86
20.83
20.61
20.04
19.22
19
18.45
18.02
17.83
17.69
17.59
17.48
17.26
16.97
16.81
16.68
16.36
16.06
16.22
15.99
16.01
15.87
15.61
15.62
15.69
15.85
16.12
16.23
16.26
16.19
16.16
15.91
15.98
16.11
16.08
16.2
16.52
16.92
16.83
16.84
16.78
16.72
16.74
16.75
16.83
16.89
17.03
17
16.99
16.97
16.94
16.93
16.94
16.81
16.66
16.8
16.98
16.95
16.96
16.99
17.05
17.1
17.2
17.19
17.12
17.12
17.06
17.04
17.01
17.01
16.97
16.92
16.91
16.9
16.88
16.96
17.06
17.08
17.12
17.05
17.01
16.98
16.95
16.99
16.99
16.96
16.96
16.98
16.99
17.02
17.1
17.2
17.29
17.34
17.43
17.45
17.5
17.49
17.49
17.59
17.78
18.02
18.39
18.59
18.9
19.21
19.35
19.77
19.88
19.67
19.86
20.18
20.44
20.34
20.74
20.69
21.03
20.82
20.71
20.89
21.15
20.89
21.17
21.37
20.95
20.91
20.91
21.01
21.22
21.17
21.15
21.13
21.03
21.01
21.06
21.1
20.99
20.76
20.53
20.44
20.19
20.15
19.99
19.84
19.71
19.39
19.17
19.13
19.02
19.04
18.83
18.63
18.52
18.41
18.38
18.31
18.31
18.23
18.14
18.03
17.94
17.76
17.46
17.32
17.3
17.18
17.07
17.1
17.06
17.24
17.84
18.08
17.65
16.68
16.23
16.07
15.91
15.73
15.52
15.25
15.07
14.91
14.84
14.69
14.58
14.46
14.35
14.37
14.47
14.42
14.36
14.33
14.38
14.32
14.19
14.05
13.85
13.83
13.91
13.84
13.72
13.66
13.49
13.25
13.01
12.81
12.7
12.55
12.53
12.52
12.56
12.41
12.26
12.09
12.09
11.98
11.92
11.7
11.49
11.56
11.59
11.68
11.57
11.52
11.46
11.53
11.68
11.81
12.01
12.15
12.67
12.76
12.74
12.8
13.04
13.53
13.87
14.36
14.66
15.01
15.21
15.39
15.49
15.92
16.21
16.48
16.76
16.91
16.9
16.94
17.35
17.26
17.1
17.54
17.57
17.21
17.92
18.16
18.09
18.12
18.19
17.6
18.1
18.4
17.59
17.55
18.27
18.03
17.82
17.91
17.74
17.92
18.28
18.25
18.26
18.14
17.97
18.01
17.84
17.91
17.95
17.96
17.89
17.85
17.65
17.38
17.15
16.92
16.7
16.5
16.16
15.48
14.5
14.34
14.14
13.84
13.12
13.31
12.58
13.17
12.99
12.49
12.4
12.49
12.28
12.36
12.18
11.96
11.73
11.68
12.15
11.91
11.64
11.45
10.76
11.26
11.41
11.23
11.01
10.83
10.4
10.57
10.65
10.59
10.46
10.22
10.44
10.37
10.07
10.01
10.08
10.05
9.9
9.91
9.85
9.63
9.24
9.5
9.44
9.64
9.63
9.47
9.5
9.4
9.36
9.53
9.44
9.42
9.3
8.92
8.42
8.41
9.17
9.03
9.43
9.28
9.57
9.41
9.29
9.38
9.63
9.66
9.68
9.65
9.67
9.74
9.94
10.05
10.09
10.25
10.4
10.53
10.88
11.18
11.39
11.62
12
12.51
12.82
12.82
12.75
12.73
12.81
12.92
13.09
13.42
13.48
13.54
13.58
13.62
13.82
13.99
14.45
14.55
14.71
14.99
15.32
15.65
15.65
15.44
15.43
15.75
16.41
16.5
16.45
16.99
17.02
17.09
17.19
16.67
16.68
16.72
16.63
16.57
16.31
15.67
15.35
15.53
15.8
15.57
15.39
15.3
15.25
15.21
15.27
14.91
13.53
12.38
11.9
11.65
11.62
11.58
11.61
11.61
11.65
11.65
11.5
11.41
11.28
11.12
11.12
11.19
11.1
11.02
10.96
10.9
10.98
11
11
11.11
10.96
10.91
10.86
10.93
10.97
10.94
10.75
10.62
10.68
10.83
10.78
10.74
10.7
10.69
10.7
10.74
10.82
10.79
10.69
10.58
10.52
10.44
10.4
10.45
10.35
10.42
10.4
10.48
10.53
10.42
10.54
10.64
10.68
10.62
10.65
10.72
10.82
10.8
10.67
10.59
10.58
10.67
10.7
10.79
10.81
10.87
10.92
10.95
10.94
10.86
10.88
11.02
11.02
10.98
10.83
10.91
10.86
10.57
10.46
10.35
10.36
10.37
10.45
10.26
10.2
10.23
10.25
10.39
10.67
10.85
10.81
10.83
10.8
10.99
11.28
11.5
11.75
11.86
12.1
12.49
12.86
13.27
13.35
13.01
13.46
13.55
13.29
13.57
13.98
14.07
14.17
14.53
14.74
14.82
15.26
15.35
15.41
15.17
15.3
15.06
15.51
15.51
15.91
15.85
15.79
15.23
15.05
15.58
15.59
15.33
15.55
15.47
15.44
15.55
15.56
15.56
15.2
15.12
15.15
15.32
15.07
14.85
14.53
14.34
14.13
13.99
13.85
13.61
13.32
13.14
13.08
12.96
12.93
12.76
12.67
12.61
12.44
12.35
12.39
12.29
12.2
12.07
11.94
12.03
11.93
11.91
11.88
11.81
11.84
11.76
11.81
11.83
11.81
11.88
11.95
11.88
11.86
11.82
11.68
11.64
11.69
11.86
11.99
11.86
11.65
11.66
11.73
11.84
11.75
11.64
11.64
11.7
11.76
11.93
11.95
11.95
11.88
11.77
11.69
11.61
11.57
11.56
11.53
11.49
11.49
11.48
11.47
11.44
11.35
11.32
11.3
11.24
11.13
10.92
10.87
10.77
10.77
10.77
10.81
10.79
10.82
10.84
10.89
10.97
11.09
11.13
11.06
10.97
10.95
10.94
10.95
11.03
11.19
11.42
11.63
11.85
12
12.19
12.37
12.41
12.36
12.42
12.51
12.77
13.31
13.66
13.9
14.22
14.43
14.72
15.01
15.29
15.44
15.78
15.53
15.84
15.79
15.88
16.24
16.7
16.88
16.68
16.87
16.83
16.74
16.85
17.45
17.59
17.45
17.13
16.96
16.75
16.53
16.5
16.35
16.3
16.35
16.49
16.6
16.56
16.56
16.48
16.35
16.22
16.13
15.99
15.98
15.98
16.01
15.68
15.68
15.69
15.38
15.24
15.27
15.24
15.24
15.21
15.29
15.38
15.44
15.27
14.96
14.59
14.37
14.15
13.93
13.78
13.76
13.65
13.63
13.54
13.47
13.29
13.17
12.98
13.04
13.16
13.1
12.99
13.06
12.89
12.95
12.71
12.36
12.32
12.26
12.18
12.07
