2.75
2.96
2.97
2.96
2.24
2.15
2.29
2.54
1.93
2.79
2.53
2.74
3.13
2.57
2.22
2.18
2.95
2.51
2.19
2.52
2.41
2.32
3.16
2.99
3.03
2.68
2.06
2.52
3.99
4.06
14.16
16.85
17.96
13.41
10.04
7.23
3.7
2.58
2.27
1.43
2.11
2.93
1.76
2.16
2.07
1.83
2.54
2.78
2.02
1.85
2.69
2.28
2.45
2.46
1.94
1.74
2.42
2.22
1.98
2.41
2.25
1.45
1.57
2.56
1.84
3.15
3.02
1.93
2.03
1.98
2.26
2.93
1.94
2.53
3.81
2.21
2.77
2.33
1.6
1.53
1.25
1.95
1.31
1.41
1.39
1.59
1.21
1.48
1.34
1.51
1.68
1.83
1.85
1.99
1.88
1.74
2.22
1.54
1.82
2.01
2.17
2.18
2.77
2.98
2.56
4.22
2.65
3.17
3.61
3.73
3.05
3.34
4.19
4.25
3.23
3.41
2.56
2.48
1.52
1.23
1.98
1.93
2.13
1.99
1.83
1.96
1.86
1.84
1.94
1.9
1.64
1.46
1.78
1.7
1.72
1.82
1.81
2.02
1.63
1.8
1.83
1.79
1.57
1.55
1.24
1.33
1.69
1.79
1.42
1.4
1.41
1.74
1.46
1.64
2.05
1.94
2.13
1.71
2.4
1.86
2.67
2.23
1.97
2.09
2.43
2.65
2.42
1.76
2.13
2.09
2.03
2.16
2.09
1.85
2.25
1.97
2.53
2.29
2.18
2.58
3
3.02
2.52
2.26
2.35
2.51
2.8
2.46
2.5
2.89
2.28
2.37
2.16
2.74
2.9
3.3
2.44
1.85
2.02
2.01
2.88
2.17
2.59
2.71
2.59
1.62
2.81
2.74
3.03
2.72
2.68
2.4
2.36
3.22
4.07
3.77
3.24
2.37
1.85
1.63
1.97
2.36
2.55
2.4
3.11
2.2
2.21
1.63
1.55
2
1.85
1.27
1.94
1.67
1.88
2.21
2.04
1.32
2.43
2.72
2.56
3.85
3.19
3.2
3.17
3.09
2.26
1.63
1.82
1.96
3.04
2.64
2.58
2.18
2.46
1.94
2.1
2.23
1.98
2.39
2.13
2.32
1.75
1.72
1.54
2.33
1.59
1.6
1.64
1.99
2.24
2.17
2.02
1.53
1.56
1.56
1.67
1.64
2.12
1.59
1.45
1.2
1.51
1.66
1.42
1.04
1.16
1.15
1.18
1.26
1.21
0.99
1.03
1.16
1.24
0.92
1.23
0.73
0.86
1.04
1.08
1.24
0.88
1.39
1.02
1.5
0.96
1.49
1.43
1.42
1.2
1.67
1.4
1.37
1.32
1.19
1.14
1.05
1.03
1.39
1.24
1.19
1.24
1.1
3.03
2.41
0.76
0.86
1.26
1.34
2.6
2.91
2.84
1.1
0.92
0.83
0.94
1.65
1.18
1.29
0.93
0.88
2.43
1.62
1.64
1.55
1.75
2.14
2.47
1.6
1.47
1.33
0.81
1.15
0.72
0.76
0.9
0.7
0.94
1.13
0.88
1.02
1.05
1.48
2.53
1.44
1.62
0.55
0.83
1.23
0.41
1.28
2.19
1.65
1.91
1.61
3.17
1.86
1.14
1
1.84
1.23
0.98
0.58
0.8
0.72
1.13
0.67
0.97
2.29
1.73
1.22
2.1
1.68
1.42
1.45
1.4
1.73
1.41
2.03
2.17
2.97
2.05
1.59
1.91
2.01
1.63
2.2
2.49
2.17
1.65
2.65
2.7
2.53
1.96
1.99
3.09
3.38
3.21
2.96
3.26
3.64
3.32
3.52
2.31
2.09
3.97
3.99
4.02
4.41
4.14
3.89
3.65
3.68
2.77
2.41
2.6
1.91
2.15
0.99
1.94
1.8
2.03
1.23
1.17
1
1.29
1.85
1.2
0.77
2.07
2.36
1.3
2.01
2.62
2.91
2.46
2.79
2.54
2.69
2.3
2.99
2.99
3.34
2.99
2.68
3.43
3.58
2.84
2.18
1.63
2.08
3.01
3.91
3.13
3.39
3.26
3.35
3.95
3.25
3.49
3.32
3.39
2.35
3.07
2.12
1.94
1.27
2.06
1.82
1.44
1.28
1.54
1.85
2.15
2.61
0.91
2.25
1.21
2.25
3.02
1.43
1.7
3.14
1.41
2.09
2.85
2.67
2.54
2.08
2.88
2.79
2.58
3.49
2.14
3.24
2.3
2.73
3.21
1.98
1.47
2.25
2.93
2.93
2.9
2.4
1.77
1.39
1.31
1.89
1
1.78
1.33
1.1
0.86
1.28
1.61
1.71
1.44
1.86
2.56
2.6
2.46
2.43
2.12
2.91
2.53
2.78
3.99
3.25
3.46
2.91
2.37
1.97
1.13
1.25
1.65
1.29
1.12
0.82
0.89
1.38
1.18
0.94
1.29
1.49
2.11
2.28
1.94
2.26
2.14
1.66
1.71
1.52
1.69
1.79
1.38
1.66
1.48
2.17
1.68
1.77
1.7
1.62
1.53
2.2
2.56
3.15
2.86
3.47
3.76
4.55
3.99
3.31
3.14
3.22
3.1
3.42
3.14
3.25
3.04
3.02
2.63
3.24
3.16
2.95
3.03
2.68
2.48
2.89
2.61
2.8
2.71
2.5
2.53
1.94
1.78
1.93
1.45
1.47
1.64
1.5
1.68
1.54
1.34
1.42
1.51
1.39
1.43
1.66
1.93
1.39
1.23
1.2
1.06
1.07
1.55
1.75
2.46
1.66
2.24
1.51
2.36
2.21
3.71
2.37
2.71
2.17
2.59
2.42
2.26
2.37
2.34
2.61
2.17
2.35
2.16
3.12
1.57
2.01
3.16
1.23
0.44
0.89
0.91
0.68
1.78
1.78
1.58
2.07
1.64
1.06
1.18
1.76
1.5
1.5
1.56
1.88
1.67
1.33
1.18
0.75
0.85
0.59
1.63
1.23
1.61
1.15
1.78
5.45
5.47
4.35
4.69
2.55
1.98
2.54
2.22
2.5
2.38
2.6
2.18
1.43
2.27
2.83
1.45
1.15
0.97
2.07
3.74
2.56
2.88
2.55
3.13
2.21
2.42
1.82
1.96
2.21
1.97
1.96
2.08
1.97
1.47
1.7
1.67
1.28
1.32
1.63
1.72
1.69
2.4
2.09
2.52
1.63
2.07
1.99
1.65
2.05
2.47
2.6
1.92
2.85
2.33
2.41
2.29
1.97
2.03
2.03
1.94
1.84
2.03
1.95
2.12
2.11
2.23
2.42
2.23
2.58
2.43
2.49
2.19
2.95
2.53
2.73
2.56
2.9
2.63
1.76
2.39
2.31
2.25
2.42
2.16
1.98
2.84
2.82
2.81
2.93
2.98
3.03
2.64
2.57
2.84
2.82
2.65
2.84
2.77
2.56
3.24
2.81
2.88
3.79
4.94
4.83
5.09
3.81
4.63
4.41
4.88
4
2.9
5.15
5.22
4.24
3.09
2.13
2.45
2.4
2.7
3.03
3.04
2.56
6.13
2.76
2.89
2.31
2.11
1.34
0.75
1.02
1.88
1.72
0.91
1.52
0.79
0.75
1.07
0.84
1.23
1.56
2.67
2.83
2.98
2.88
5.12
3.91
4.23
4.11
3.63
3.32
2.76
2.68
1.56
1.3
2.71
1.41
1.17
0.7
0.57
0.77
0.83
0.91
0.89
1.37
1.02
2.24
3.87
4.51
4.37
4.77
4.37
5.44
4.78
4.99
4.62
4.92
3.96
4.42
4.64
4.86
4.75
5.46
4.76
5.37
5.19
4.41
3.65
3
4.26
3.65
3.73
3.3
4.18
4.41
4.02
4.21
2.5
2.3
3.2
3.48
3.15
3.59
3.59
4.59
3.5
4.07
3.99
3.01
3.33
3.52
3.61
4.07
4.03
4.32
4.41
4.02
2.3
1.59
2.84
3.69
3.7
2.86
3.08
3.07
2.9
2.52
3.4
3.37
1.92
1.2
0.94
1.14
1.82
2.63
2.54
2.04
2.24
2.54
3.47
3.8
4.47
5.2
3
2.39
1.97
1.26
1.33
2.7
2.99
2.84
2.21
2.4
3.13
2.49
2.92
2.66
1.88
1.7
1.1
1.4
1.69
3.1
0.97
0.98
0.87
1.8
1.59
0.92
0.77
0.46
1.39
1.16
1.43
1.51
1.15
0.89
1.12
0.89
1.27
1.64
1.75
1.84
1.88
2.36
2.11
2.04
1.26
0.94
0.79
0.79
0.85
1.22
1.59
1.87
3.58
3.75
2.69
1.46
2.47
1.5
1.15
2.76
2.46
2.42
3.07
4.36
4.18
4.84
4.61
4.83
6.31
6.1
4.69
6.13
4.83
4.46
4.13
4.78
4.94
5.25
5.54
5.77
2.98
3.92
6.6
4.15
2.54
2.54
2.97
3.56
3.2
3.7
4.38
3.83
4.04
4.53
4.56
4.34
5.14
4.97
4.87
4.84
4.81
5.43
6.22
5.5
5.95
5.52
5.9
6.01
5.78
6.42
6.81
8.44
6.59
7.89
6.37
7.18
8.12
9.1
9.83
8.33
9.1
7.62
7.28
7.17
7.22
7.39
7.16
7.2
7.88
7.29
6
7.53
6.31
7
7.57
5.78
5.76
7.12
5.37
5.72
6.56
6.59
6.18
5.51
6.15
4.36
5.96
4.99
5.77
4.52
3.97
4.03
4.59
2.72
4.24
3.27
4.55
4.99
4.15
3.8
6.54
4.34
3.89
2.63
3.98
3.67
2.28
2.83
2.51
3.42
4.23
3.9
3.17
3.9
3.61
3.05
7.65
3.74
2.8
3.41
4.2
4.26
4.64
3.74
3.93
3.77
2.81
2.41
3.08
3.02
3.68
4.41
5.16
5.62
5.69
6.15
5.53
6.24
6.98
6.19
6.5
6.29
6.44
6.27
5.42
6.16
7.49
6.78
5.76
4.75
3.36
5.19
2.82
6.54
4.69
6.4
6.64
5.76
6.29
6.56
7.01
6.12
7.56
7.69
7.03
6.15
5.35
6.96
9.03
5.84
7.32
7.23
7.44
6.58
6.12
7.39
7.38
7.09
7.59
7.97
7.79
6.37
6.54
7.86
8.5
6.22
8.1
7.88
7.47
7.01
6.95
7.26
6.22
6.56
6.77
6.91
6.04
7.43
8.62
7.45
6.74
5.88
5.71
4.07
4.56
4.68
5.04
3.53
4.22
5.04
3.92
3.89
4.5
5
6.12
3
5.57
4.02
7.5
4.09
5.45
4.63
4.91
5.87
3.12
4.89
4.66
7.91
6.84
3.27
6.37
3.25
4.65
6.1
7.51
9.57
7.89
8.98
9
9.13
7.22
7.2
7.09
8.14
4.23
4.69
9.07
10.11
8.86
7.1
9.22
9.59
8.06
5.36
7.18
3.66
7.28
7.95
7.59
6.95
6.58
6.18
4.52
7.92
7.96
5.1
3.62
4.44
8.5
5.26
6.1
8.25
11.07
3.49
3.83
3.15
4.44
2.41
4.12
3.97
4.65
4.93
3.9
3.24
2.76
3.08
2.73
2.51
2.97
2.78
2.64
2.39
1.6
2.42
3.53
6.06
4.23
3.76
2.11
1.76
1.43
2.86
1.7
1.52
0.9
1.38
0.96
1.25
1.94
4.04
4.42
4.72
4.09
4.33
5.47
5.17
5.26
4.55
4.04
3.74
3.79
3.51
3.25
3.77
5.05
4.33
4.28
3.9
4.06
3.42
4.21
4.91
4.5
4.24
4.4
5.73
5.48
4.99
5.08
5.65
5.35
6.46
5.34
5.23
4.97
5.31
5.05
5.1
5.25
5.38
5.82
6.03
4.4
4.89
5.06
4.9
3.48
2.59
1.88
2.8
4.07
4.51
4.98
6.69
5.4
3.91
4.25
4.17
2.53
2.23
3.45
4.47
2.89
3.29
3.29
2.56
4.21
3.18
2.57
2.94
1.85
1.92
1.89
2.34
2.54
2.33
1.85
2.1
2.04
1.54
1.75
2.23
1.82
2.4
3.67
5.06
3.67
3.67
2.52
1.78
2.29
1.98
1.6
1.73
2.97
3.28
2.54
4.35
1.92
1.89
1.83
4.28
1.3
1.3
1.31
1.16
1.02
2.27
1.55
2.11
1.73
1.26
0.98
1.33
1.2
1.18
1.23
1.62
1.43
1.46
1.45
1.39
1.6
1.18
1.08
1.38
1.01
0.86
0.77
0.75
0.78
0.83
1
1.25
1.39
1.61
1.68
1.58
1.51
1.07
1.46
1.1
1.46
1.47
1.4
1.47
1.18
1.14
1.37
1.62
1.31
1.1
1.21
1.22
1.24
1.14
1.5
1.44
1.21
1.43
1.09
0.98
1.38
1.36
1.13
1.23
1.04
0.92
1.12
1.13
1.2
0.95
1.02
1.21
1.36
1.61
1.66
1.6
1.14
1.4
1.37
2.05
1.11
1.26
1.88
1.85
1.63
1.45
1.52
1.78
1.69
2.1
1.98
1.65
0.95
1.64
1.47
1.34
1.51
1.2
1.79
1.86
1.77
1.71
2.23
1.75
2.06
1.65
1.93
1.84
2.05
1.53
2.55
1.85
1.77
2.46
1.71
2.05
1.98
2.24
2.24
2.18
2.23
2.08
1.92
2.23
2.21
1.9
1.34
3.15
2.17
2.1
2.95
2.47
1.91
1.88
1.65
1.76
2.22
1.59
1.71
1.72
3.02
2.49
1.87
1.45
1.99
1.67
2.05
2.05
2.01
1.66
1.49
1.16
1.07
0.88
0.84
0.78
0.7
0.68
0.74
0.82
1.23
0.66
0.57
0.57
0.55
0.78
1.66
1.62
0.84
0.85
0.4
0.29
0.26
0.28
0.25
0.26
0.24
0.27
0.26
0.33
0.76
0.9
1.18
1.05
0.92
1.03
2.05
1.57
1.38
2.43
2.78
2.85
2.72
2.67
3.21
3.07
3.5
4.19
4.12
5.29
5.25
4.9
4.92
4.68
5.18
5.26
4.53
4.03
4.42
4.23
5.02
4.62
4.52
4.11
3.24
3.51
4.52
4.1
4.4
3.61
1.86
2
2.54
1.96
2.8
99999
99999
99999
99999
99999
99999
99999
99999
99999
99999
99999
2.76
3.05
2
2.02
1.44
1.52
2.61
3.01
2.62
2.17
2.9
1.82
2.56
2.73
2.53
2.64
3
3.34
4.53
4.48
3.66
5.07
5.57
4.77
4.92
3.59
1.89
3.13
1.62
2.99
2.05
2.11
2.67
2.54
2.08
1.67
1.97
1.94
2.97
2.36
1.78
1.82
2.22
1.77
2
1.36
1.72
1.46
1.58
1.51
1.52
1.43
1.75
1.73
1.33
1.35
1.07
1.39
0.93
0.96
1.21
1
0.84
1.16
1.09
1.07
1.13
1.07
1.74
1.59
1.39
2.1
1.86
2.45
2.74
2.61
1.87
1.3
1
0.9
0.93
1.08
1
1.46
1.67
1.22
1.18
1.61
2.64
1.78
1.23
1.43
1.08
0.79
0.89
1.03
0.93
0.82
0.43
0.65
0.87
1.52
2.49
1.57
1.81
2.92
3.1
3.1
3.12
2.34
2.44
2.53
2.07
2.2
2.96
3.82
4.32
4.4
4.52
5.33
4.92
4.15
4.23
4.24
4.07
3.82
4.25
4
3.23
2.25
3.96
4.08
2.64
2.88
2.14
2.21
2.18
1.93
1.72
2.11
2.48
2.32
2.51
2.66
1.77
1.86
1.92
2
2.77
1.94
2.1
1.44
2.32
2.78
2.76
1.75
2.88
4.14
3.55
1.74
2.54
2.74
1.57
3.37
2.67
2.62
2.79
3.33
2.52
2.88
2.34
2.09
2.46
2.25
2.46
2.47
2.75
2.62
2.97
2.96
3.35
3.59
2.28
2.53
3.09
3.51
4.52
3.95
3.17
2.87
3.42
3.28
3.7
3.09
2.87
2.76
3.04
2.79
2.3
3.45
5.03
2.64
2.7
3.62
2.12
2.4
2.34
2.09
1.73
2.03
2.11
3.11
2.38
2.29
2.09
1.96
2.04
2.04
1.93
1.75
1.99
2.45
1.96
2.26
2.24
2.25
1.77
1.58
1.56
1.9
1.58
1.81
1.65
1.68
1.35
1.36
1.69
1.55
0.96
1.38
1.29
1.46
1.61
1.99
1.37
1.97
1.51
1.42
2.06
1.88
1.62
2.13
2.49
2.24
2.74
2.48
2.28
3.75
4.07
3.6
4.22
4.19
3.6
2.24
3.93
3.85
4.4
4.01
3.15
3.4
5.23
4.27
3.29
3.78
3.35
2.48
3.4
3.02
2.97
4.13
3.88
3.97
2.13
3.83
2.57
4.25
4.6
4.29
6.31
3.95
3.68
3.28
5.36
4.68
4.78
3.1
4.4
4.33
3.36
4.38
2.96
4.76
3.2
3.53
4.64
2.47
3.4
3.5
3.71
3.65
3.52
2.49
3.03
2.79
2.45
3.01
2.92
2.62
2.65
2.51
2.65
2.35
2.52
3.07
2.6
2.35
2.14
3.45
3.03
4.04
2.92
2.75
2.81
2.77
3.27
3.67
3.07
2.81
2.55
2.36
3.15
3.61
4.82
3.31
2.8
2.64
3.09
3.99
2.09
3.12
2.53
1.99
1.8
2.12
1.75
1.96
2.16
1.94
2.09
1.65
2.16
1.5
1.69
1.93
1.89
1.27
1.44
1.4
1.33
1.7
1.87
2.01
1.38
1.62
1.98
1.67
2.03
1.58
1.58
1.79
1.59
1.57
1.27
2.03
1.54
1.9
2.36
2.79
2.28
2.05
2.11
1.76
2.6
1.81
2.27
2.7
2.33
1.66
1.19
1.13
1.02
1.34
1.29
1.7
1.11
1.2
1.54
2.24
1.05
1.32
1.17
1.4
1.88
2.48
2.02
1.56
1.08
1.08
0.96
1.35
1.13
1.02
0.75
0.81
0.76
0.78
0.72
0.86
0.54
0.78
0.41
0.38
0.71
0.59
0.48
1.15
0.76
1.38
2.49
2.87
2.77
2.44
1.81
1
1.01
0.96
0.87
0.8
0.7
0.77
1.3
0.84
0.91
0.96
1.38
0.94
0.89
0.61
1.06
1.65
0.98
1.53
0.98
1.13
1.83
2.33
1.43
0.88
1.51
1.74
1.65
0.86
2.04
2.51
3.05
2.86
5.48
6.09
3.99
4.69
4.7
5.6
3.02
2.41
2.1
4.14
2.12
3.04
4.73
4.84
4.01
5.96
6.2
5.78
4.78
3.83
3.64
4.45
3.28
4.34
3.83
4.15
4.32
3.6
3.73
2.65
2.31
2.17
1.66
1.1
0.88
1.05
1.16
0.74
0.78
0.96
1.5
1.35
1.8
1.64
