256.98
252
246.23
251.46
252.28
252.33
251.68
252.37
248.91
247.85
243.26
244.54
236.92
241.93
246.02
248.98
245.78
237.1
236.76
244.17
243.07
242.29
244.68
243.95
244.16
244.87
249.01
250.22
250.87
264.07
276.05
273.54
265.38
254.06
250.39
253.18
247.38
242.4
250.91
254.25
246.66
238.52
240.43
238.19
248.17
249.42
245.03
247.37
243.34
229.01
229.04
233.77
231.95
239.28
240.79
238.82
242.3
235.7
238.76
236.25
249.61
244.78
245.44
237.42
239.19
237.18
233.21
237.33
235.43
251.03
237
233.29
224.34
225.47
229.82
245.57
284.05
304.6
322.01
326.73
327.89
318.49
312.35
305.18
310.63
278.69
291.49
290.3
279.15
278.56
277.49
275.28
275.14
274.62
286.52
280.29
279.77
281
268.58
280.99
275.33
274.67
279.51
291.69
297.38
305.29
288.51
296.7
299.85
301.19
289.52
292.95
288.29
300.84
313.52
307.3
302.11
292.29
287.17
294.75
296.18
288.88
291.97
294.56
294.21
291.5
288.99
287.7
283.91
284.45
289.64
286.2
285.46
286.43
277.67
264.07
259.43
260.5
271.46
266.23
266.88
261.44
254.22
251.51
253.41
260.28
264.16
257.73
263.1
261.66
252
253.48
252.27
252.89
263.86
263.8
265.12
259.8
259.57
253.92
256.46
255.02
259.76
255.96
257.29
264.12
258.49
258.39
254.79
256.2
256.2
261.61
261.18
260.85
263.13
254.38
251.3
253.23
248.51
245.15
250.57
253.45
260.39
261.26
255.71
253.81
251.37
257.49
254.77
252.99
252.95
253.01
251.85
252.3
253.4
252.38
254.98
277.54
273.98
265.5
261.62
249.13
256.85
259.01
253.7
260.43
263.15
263.01
249.46
270.47
266.94
257.92
254.98
272.22
266.63
268.72
289.52
283.02
278.82
271.36
265.06
255.88
251.12
251.04
249.94
251.36
244.57
236.73
241.14
252.1
244.3
247.22
252.55
269.01
229.54
236.89
255.76
269.2
266.75
266.99
263.54
286.27
271.89
265.75
255.27
257.86
265.49
260.27
279.45
290.25
288.87
275.69
277.47
291.96
297.52
298.32
295.41
290.64
286.63
286.31
279.45
281.11
282.13
284.99
292.48
292.13
293.51
292.36
293.64
295.1
290.17
290.61
288.02
283.15
283.7
272.43
240.86
249.14
258.85
267.33
266.16
265.18
274.16
268.83
274.05
271.82
273.09
271.27
268.92
272.46
273.16
273.12
265.54
257.54
255.99
266.41
270.24
255.12
257.5
268.69
262.43
264.66
267.97
253.08
245.46
243.18
248.93
244.03
248.79
250.01
240.87
260.23
264.5
270.51
279.8
284.47
277.49
277.94
279.24
263.32
257.82
269.38
289.01
294.22
293.39
299.29
308.48
103.05
115.59
106.48
114.66
117.36
116.05
159.1
149.34
166.36
179.62
194.58
205.11
177.48
198.68
173.97
211.26
223.3
230.28
202.54
163.18
233.39
263.56
277.77
288.13
252.44
272.48
251.33
251.73
246.11
240.41
170.81
176.01
223
250.03
172.65
184.89
198.58
200.25
202.45
199.86
204.32
217.67
197.15
188.66
166.28
258.06
269.1
340.06
4.9
9.48
359.4
345.07
341.96
350.86
346.45
14.37
6.82
352.59
0.2
5.66
4.1
358.16
345
355.17
351.51
338.08
15.73
19.36
340.84
346.13
7.07
350.36
358.71
2.25
12.92
20.15
10.68
27.35
29.61
22.51
16.28
18.01
10.66
8.08
3.97
359.43
19.99
0.67
14
348.76
346.79
349.66
19.74
17.73
20.59
15.32
1.8
3.55
10.98
18.86
22.98
21.49
25.01
20.76
9.65
343.01
17.39
18.17
7.74
9.92
16.85
7.4
22.2
29.2
29.48
33.14
30.31
24.05
13.11
347.64
7.41
26.84
24.71
23.63
4.15
343.12
10.92
21.22
5.15
349.12
5.79
22.53
21.19
13.67
21.3
21.68
4.44
1.58
13.33
8.26
17.35
18.44
16.12
20.91
21.8
23.87
23.09
25.58
25.44
22.5
23.29
28.62
27.86
30.76
22.93
26
25.63
19.05
18.22
16.42
18.55
10.28
21.53
26.22
29.55
28.06
16.8
22.7
10.19
19.95
24.6
24.27
31.62
46.13
34.67
39.14
20.49
18.87
36.4
7.07
5.91
14.56
355.4
19.74
8.68
18.84
27.13
30.02
43.03
40.4
23.35
47.01
94.1
158.56
163.88
169.44
171
161.48
146.99
95.23
49.27
68.18
50.36
34.95
38.81
38.18
46.5
37.87
322.76
11.91
25.69
19.37
26.67
27.3
27.51
29.5
18.97
16.18
22.24
22.58
19.87
24.22
25.39
24.5
27.66
34.85
42.22
41.91
76.12
89.94
61.59
70.66
89.36
64.53
37.28
36.7
32.49
34.93
37.48
37.09
38.63
38.28
45.42
49.2
51.54
58.02
62.84
65.78
66.44
61.57
72.76
109.51
95.74
88.44
98.02
90.08
84.16
84.46
80.6
80.15
76.14
76.82
78.52
75.57
85.62
83.45
77.77
77.51
77.72
77.07
84.13
82.34
82.38
81.23
80.04
84.87
85.42
87.92
91.14
89.81
92.2
95.06
96.78
90.19
86.19
87
82.87
84.9
87.49
103.45
105.52
100.03
100.12
106.65
110.11
106.53
105.12
104.79
89.44
88.48
98.98
120.79
121.11
123.12
124.06
129.84
127.42
122.58
118.19
117.03
117.43
110.59
108.9
120.3
110.62
108.15
116.14
124.73
111.8
124.09
128.41
117.45
108.73
141.23
137.24
136.48
129.13
109.29
98.97
99.32
122.55
113.97
133.03
134.95
133.39
118.53
127.12
154.87
251.91
265.7
281.41
306.15
316.71
310.82
319.83
334.78
339.26
9.21
18.1
20.79
26.64
19.97
358.79
241.32
267.33
286.12
307.19
319.59
336.6
6.66
168.81
173.67
165.72
159.32
164.69
145.64
123.74
110.62
97.6
88.42
71.28
56.98
49.47
31.65
355.12
30.51
42.93
55
75.36
81.13
83.33
86.45
87.93
83.7
88.55
96.13
105.47
117.35
115.7
109.32
107.28
101.28
102.68
110.19
110.84
112.71
104.37
98.69
108.84
109.39
98.09
101.64
109.82
118.62
109.96
105.54
102.28
102.42
105.89
111.78
118.59
119.57
112.67
110.79
121.08
128.44
122.15
118.78
116.82
121.43
119.19
119.09
110.5
109.66
114.61
117.89
120.11
116.34
115.97
113.23
114.3
116.14
124.87
123.28
123.72
120.88
122.11
123.98
123.18
119.21
115.7
115.87
120.3
123.73
129.24
113.99
121.09
119.29
131.14
125.83
128.73
133.15
140.39
142.62
129.32
119.25
140.46
132.5
129.62
129.35
126.72
128.7
134.57
129.68
132.38
143.48
131.51
146.53
150.26
149.22
131.08
130.82
137.66
152.93
138.79
146.85
137.66
137.89
133.45
127.61
127
118.33
121.65
136.07
121.51
118.6
127.9
190.96
216.38
233.94
261.48
251.82
7.11
274.86
149.01
113.35
99.9
92.61
106.23
123.78
141.28
149.89
149.41
165.45
149.94
158.99
166.25
178.52
183.64
163.84
167.02
168.21
176.74
174.53
175.2
178.55
166.48
162.42
179.73
187.66
266.1
252.04
179.08
163.94
156.45
131.16
114.04
130.07
162.41
180.02
171.55
173.06
176.83
183.92
191.12
186.67
188.31
179.3
179.15
174.93
181.05
191.91
196
182.85
176.92
175.33
183.16
183.28
188.15
184.9
176.54
163.73
177.14
152.83
139.03
160.73
164.12
170.97
180.5
192.62
173.09
183.28
181.74
157.6
155.02
177.1
159.05
161.52
160.96
167.02
152.87
156.75
164.83
169.36
171.63
171.1
174.05
162.8
171.25
196.08
182.32
193.33
191.84
189.8
195.63
201.75
210.17
202.17
194.7
207.77
209.23
203.36
216.1
189.48
191.89
191.19
191.46
198.29
186.03
199.88
215.62
226.3
219.12
191.15
181.29
182.39
190.67
171.11
157.47
196.07
182.79
186.34
156.81
150.12
190.46
184.23
171.73
159.38
187.13
168.2
176.31
152.26
87.08
84.51
283.51
230.66
254.43
243.47
225.47
209.04
202.67
199.32
193.21
164.69
145.26
135.27
93.15
95.52
109.02
112.01
112.22
116.66
120.99
127.1
131.77
128.65
120.41
116.77
119.53
125.84
120.84
106.79
119.12
120.22
120.47
125.04
143.05
152.34
144.25
150.46
100.34
84.9
111.15
119.12
124.38
140.61
156.87
138.94
146.67
157.26
159.38
151.02
152.04
150.01
141.32
139.58
154.24
149.64
150.86
139.29
128.85
132.1
129.52
125.97
132.42
191.87
161.91
147.39
195.38
209.58
218.63
200.78
214.7
212.62
195.79
173.8
161.4
144.28
150.26
141.6
141.68
148.49
151.64
147.53
159.74
164.5
171.38
167.39
168.27
167.64
178.68
188.56
189.73
191.56
189.09
187.96
183.39
180.78
187.47
188.53
191.91
196.06
196.86
197.26
195.86
194.36
189.57
190.39
192.99
190.09
191.62
191.09
186.62
187.29
190.98
197.89
205.89
214.58
217.74
219.06
216.17
220.7
218.17
221.71
222.53
220.56
215.76
213.57
210.74
211.33
217.88
217.04
219.74
226.06
226.17
226.9
227.04
226.09
230.86
217.21
217.17
223.2
231.33
233.48
225.07
231.87
227.31
220.74
220.56
225.05
231.09
225.17
222.87
213.62
209.49
209.86
220.49
225.61
218.96
224.8
229.36
228.96
222.24
220.7
227.44
219.66
222.62
223.36
223.58
230.81
228.68
228.56
219.43
224.24
220.55
214.99
212.03
206.35
194.73
196.09
191.88
190.3
189.86
189.77
193.15
195.91
198.16
199.01
200.43
195.83
199.49
192.95
195.59
211.62
218.21
218.11
221.5
222.83
217.41
211.19
203.54
200.31
187.15
184.17
186.34
187.32
192.75
190.28
190.27
196.07
199.23
197.87
204.1
204.07
198.15
191.87
193.25
193.8
192.73
191.22
193.43
194.68
190.49
185.15
180.19
185.84
187.92
191.97
186.84
191.29
192.03
194.1
190.21
191.07
194.1
190.82
190.62
188.15
188.65
189.31
192.81
198.89
203.17
202.34
201.27
205.02
214.39
210.26
214.23
224.64
221.68
221.8
217.25
226.4
225.83
226.11
223.68
213.97
222.83
220.13
219.08
213.19
217.54
221.11
218.25
206.48
214.58
220.49
217.54
213.57
226.76
225.67
236.69
227.96
222.82
216.09
229.58
211.04
210.74
219.48
205.48
208.27
208.11
205.24
202.08
199.71
194.87
197.12
192.76
197.16
190.93
198.11
199.57
200.33
202.17
202.87
201.66
192.47
191.91
195.79
191.58
190.31
190.54
188.66
191.65
189.83
202.15
193.54
197.34
188.18
183.37
186.42
192.62
186.85
180.56
171.13
176.84
214.54
195.38
195
172.84
152.62
125.87
148.31
155.22
143.58
142.26
96.36
107.95
120.23
121.71
126.91
136.04
138.56
137.56
128.41
123.7
143.17
149.53
147.67
172.06
254.05
180.37
128.19
121.3
123.92
122.33
123.22
118.01
122.16
129.89
124.93
128.19
128.57
135.59
150.55
146.02
151.82
152.2
162.51
169.07
174.62
182.46
192.37
186.02
171.64
171.25
178.6
169.59
156.19
158.25
154.18
149.31
170.65
166.8
162.63
165.73
153.33
139.09
141.12
155.92
163.01
146.23
145.95
149.83
152.97
155.81
147.03
163.12
162.52
159.93
164.82
159.85
163.07
153.33
179.49
179.74
180.82
174.03
182.72
201.17
209.41
207.72
213.06
206.06
200.15
195.22
198.09
195.06
195.88
196.37
190.32
186.72
186.24
193.51
210.49
223.67
228.19
223.56
227.19
219.51
240.19
237.11
235.01
250.36
246.92
257.48
244.96
247.65
256.37
290.28
282.27
281.82
270.58
259.52
263.19
260.01
244.09
235.74
238.33
237.2
248.75
306.38
307.48
333.52
324.75
309.95
254.15
357.72
313.8
291.03
307.74
313.06
316.35
309.48
298.45
282.94
280.01
276.03
270.98
243.33
222.65
226.74
244.66
250.51
237.62
220.87
219.64
230.85
235.41
247.56
256.33
263.93
262.48
265.31
268.86
253.57
251.54
250.51
251.23
255.38
263.85
260.66
253.71
251.15
249.99
248.47
250.22
249.83
251.93
248.25
248.62
248.02
248.54
246.75
242
243.12
247.18
247.77
246.74
250.02
247.82
253.8
253.55
250.14
247.2
252.27
249.04
247.87
245.11
254.92
255.27
261.6
259.83
254.09
255.34
260.77
262.11
255.01
250.86
242.53
241.34
244.03
233.21
226.17
218.26
200.16
190.93
208.72
217.51
197.02
190.09
173.54
168.17
161.66
136.13
166.39
167.56
158.22
167.49
157.39
140.58
154.25
140.81
159.77
248.3
242.25
255.31
252.13
273.03
259.97
248.84
247.93
244.82
240.6
249.79
246.1
269.63
272.93
244.71
298.56
252.23
219.12
277.15
271.26
272.85
269.77
264.16
266.92
255
265.95
276.22
283.79
255.36
275.93
276.57
280.45
272.32
258.92
273.4
261
266.57
255.41
272.46
269.19
277.09
275.79
270.59
282.08
278.71
281.56
284.46
283.66
282.94
282.71
283.73
287.65
284.29
288.4
281.24
279.39
276.69
273.4
278.2
278.91
268.98
277.51
275.75
282.48
279.43
279.32
276.22
276.75
279.95
288.62
299.59
307.63
314.52
305.35
168.92
132.27
160.1
224.33
261.78
174.74
179.35
137.8
131.42
157.04
156.69
171.6
161.57
139.39
161.01
162.31
158.29
159.05
158.59
146.06
132.23
133.34
132.94
127.13
128.26
131.89
131.93
130.15
129.56
131.05
128.23
132.3
140.18
141.7
152.86
150.76
139.47
136.25
137.18
139.97
138.11
132.05
129.2
131.02
129.19
125.89
128.55
130.52
134.55
131.89
130.05
129.29
125.58
124.93
127.83
127.76
126.43
129.39
125.76
121.26
124.91
130.61
143.72
144.22
143.46
139.29
140.91
145.02
142.55
138.49
141.63
143.97
139.33
140.06
147.32
142.72
139.39
141.68
141.59
135.48
143.5
143.34
138.31
148.52
146.25
147.56
131.89
129.12
139.47
143.81
146.14
177.34
136.31
161.68
143.54
140.66
143.63
135.99
130.86
125.66
115.41
165.05
146.84
148.76
174.69
206.04
211.01
227.79
234.09
198.89
216.18
217.71
233.59
243.31
205.67
211.65
199.64
219.01
241.93
210.2
215.46
222.16
233.62
241.13
244.18
248.21
267.03
262.95
265.7
270.67
278.47
275.98
274.84
266.24
261.42
262.61
274.63
280.76
283.32
287.33
288.15
287.89
295.45
306.06
298.65
297.7
301.81
300.57
294.09
298.73
299.33
296.98
299.24
302.64
305.93
308.19
313.43
308.27
312.34
308.85
307.65
311.34
319.43
328.98
344.98
350.52
349.07
19.74
50.87
80.24
85.18
83.43
81.65
96.84
113.47
149.68
164.45
165.31
181.3
183.85
180.77
181.14
185.74
185.71
173.8
170.33
174.37
174.72
179.08
177.31
180.21
179.61
172.16
168.9
175.38
171.59
169.06
171.33
172.05
167.27
172.69
176.71
161.4
177.85
181.42
186.75
179.91
187.69
183.44
191.7
193.94
201.36
207.45
217.3
215.99
187.76
198.43
219.44
213.86
217.96
221.24
221.23
206.81
199.96
211.03
232.36
225.3
216.01
225.07
230.02
232.06
228.43
231.84
207.09
211.6
240.09
232.4
231.79
229.58
230.29
244
226.22
221.39
228.51
239.35
243.16
238.87
244.8
237.35
244.97
256.1
244.3
233.61
241.04
241.76
241.07
243.82
254.22
263.91
265.53
282.03
290.68
284.22
286.67
283.53
285.3
287.19
287.97
290.07
278.94
276.49
274.69
278.97
275.66
289.64
318.46
314.44
305.17
307.34
293.81
294.99
294.49
295
291.38
296.1
300.7
298.15
298.03
298.24
294.2
294.59
281.87
291.05
293.95
291.1
289.78
290.14
289.39
295.13
295.86
294.94
293.73
282.48
275.33
276.38
271.15
273.43
270.5
269.04
265.03
266.63
254.04
250.64
240.59
243.65
234.05
233.12
217.37
212.56
206.91
212.09
210.68
206.64
202.53
204.93
204.47
214.27
202.21
176.21
177.77
189.44
201.57
202.41
192.26
177.12
172.05
180.07
184.1
185.94
191.16
196.17
194.51
191.83
195.57
190.27
187.43
189.76
190.62
193.6
197.47
193.67
192.67
201.43
208.84
208.18
201.26
205.22
213.79
201.03
201.19
207.04
221.46
226.46
212.36
221.56
225.09
220.81
237.37
236.78
232.11
224.97
230.39
240.34
242.11
245.45
239.37
227.88
225.21
238.85
238.08
239.04
233.39
250.7
244.85
244.08
243.08
247.13
250.94
256.87
254.65
257.99
256.1
261.57
258.95
250.3
249.17
236.47
250.59
241.4
240.07
235.37
250.09
250.4
248.62
260.22
264.44
265.57
281.68
292.55
296.99
299.44
310.52
294.66
294.55
293.03
294.69
301.14
302.15
305.58
300.75
300.49
297.7
295.19
298.73
289.15
290.79
291.19
286.98
288.24
294.45
290.92
282.57
291.58
285.91
280.78
280.3
282.63
284.47
282.37
279.56
278.32
275.14
267.25
266.13
269.89
269.61
271.98
268.31
269.78
264.65
252.99
250.56
246.16
248.51
250.01
252.97
254.69
255.21
251.2
243.4
238.52
231.18
222.37
215.32
224.86
217.93
220.92
222.12
217.28
212.53
221.29
215.15
197.57
196.03
213.76
233.94
226.2
260.24
270.52
310.84
288.13
290.3
293.91
290.15
285.93
276.32
256.96
243.24
233.89
228.43
232.41
238.04
238.55
230.46
219.41
220.83
223.4
201.68
202.51
192.32
192.95
185.51
187.87
197.72
229.08
271.96
218.9
177.01
250.61
10.4
35.87
60.79
130.69
216.23
238.16
273.03
270.6
282.13
313.66
297.6
298.2
343.97
283.29
269.77
35.82
89.55
81.75
110.46
77.61
78.01
91.51
104.67
97.42
113.88
105.13
162.33
193.61
146.91
215.82
178.34
209.31
195.04
180.03
189.84
195.99
203.18
209.53
203.19
207.34
206.09
197.55
197.25
193.72
197.49
199.59
204.28
211.05
224.91
226.98
229.21
227.21
223.54
217.86
212.9
206.92
199.89
204.16
209.93
207.92
213
219.91
224.6
227.85
234.24
236.05
236.26
236.91
239.29
238.42
244.35
247.62
250.79
254.05
251.28
255.44
253.83
259.48
260.69
269.13
268.37
251.83
250.15
256.76
261.21
