267.31
262.85
261.3
261.01
263.23
264.9
260.42
263.59
262.05
261.35
256.95
254.56
252.41
255.43
258.83
260.49
259.94
249.72
249.93
255.27
258.18
256.58
254.46
255.27
256.35
258.78
258.04
261.92
263.23
275.5
285.01
285.25
278.18
271
262.97
267.93
262.46
256.88
259.72
264.04
260.85
254.19
250.7
256.09
261.56
259.63
259.23
258.23
256
244.92
241.03
245.96
245.29
248.15
252.22
251.08
252.46
245.47
250.05
249.23
256.25
253.61
258.82
248.21
256.88
249.6
244.75
244.27
246.5
258.21
253.94
244.27
242.07
244.27
236.43
253.99
293.62
310.91
329.1
330.15
334.85
325.46
315.05
314.46
310.33
291.21
299.45
297.45
292.21
289.02
289.79
285.22
284.04
289.79
293.77
287.38
291.68
287.45
284.87
288.99
288.3
286.73
289.98
296.29
306.43
312.31
300.55
304.93
304.82
309.47
298.14
303.18
298.53
310.65
317.81
312.98
305.97
301.3
298.8
301.01
302.77
297.61
300.51
301.75
303.35
298.67
293.78
294.82
292.22
292.33
296.98
294.68
295.8
291.69
287.18
278.63
277.67
283.71
283.92
280.52
283.41
277.66
278.72
273.85
275.64
276.68
274.65
274.06
275.66
274.15
271.95
271.5
271.27
271.84
276.35
275.48
274.39
274.2
272.86
269.77
272.12
272.41
274.31
272.44
274.39
273.86
273.58
273.34
271.45
273.66
271.32
273.12
274.58
273.43
275.14
271.28
268.46
267.3
261.82
261.31
263.87
266.73
271.08
272.68
267.5
266.82
271.58
271.39
270.41
268.37
264.68
265.89
260.59
264.12
261.05
264.68
268.28
285.03
281.21
274.55
271.82
260.05
269.45
269.05
268.25
271.1
271.21
267.23
259.34
276.15
273.85
269.6
265.88
279.19
277.2
278.71
297.97
291.11
288.27
279.53
276.23
269.47
265.11
263.65
263.81
261.73
257.12
242.98
252.44
270.06
257.8
266.68
271.77
277.42
247.32
255.53
264.98
277.3
276.14
276.79
272.38
294.05
279.51
276.3
265.17
264.58
271.87
271.94
287.96
292.88
301.37
281.55
289.06
301.96
306.61
304.73
303.27
298.99
291.73
294.12
289.08
292.82
289.37
292.64
299.76
300.41
302.86
300.87
301.41
302.02
301.79
299.09
295.14
291.39
293.94
284.16
264.13
274.08
276.67
279.57
276.97
282.76
282.89
282.33
285
286.77
286.05
284.95
284.61
285.52
285.94
283.99
281.54
281.93
283.83
289.99
286.89
276.8
275.34
275.55
276.33
279.09
279.48
269.71
264.98
266.69
271.32
265.44
268.8
265.36
264.3
277.64
275.84
282.17
289.76
298.71
292.32
290.93
289.31
281.33
275.6
288.32
305.63
308.37
303.54
305.55
317.75
345.13
112.14
101.13
131.69
192.28
225.68
167.19
146.05
178.11
183.1
217.73
213.24
202.54
214.45
198.03
233.49
245.47
257.26
233.87
217.96
259.46
269.08
285.76
284.55
283.65
277.62
263.17
281.46
272.22
259.49
200.72
205.16
233.3
253.45
185.91
189.04
202.38
212.69
218.02
202.71
220.34
223.86
207.62
201.69
212.16
267.56
282.74
344.29
0.77
16.7
2.36
355.71
352.24
1.02
359.3
12.43
358.46
354.42
7.86
3.31
355.09
352.93
344.01
8.13
12.47
0.04
24.24
16.18
349.28
358.6
10.35
8.1
3.36
10.12
15.87
22.18
18.19
28.1
32.4
24.96
6.69
11.11
16.88
15.24
11.7
9.9
15.61
11.66
18.15
8.56
10.68
10.27
25.97
36.85
40.48
39.2
32.45
28.27
33.58
43.6
44.2
41.07
51.78
48.44
47.2
34.74
37.51
37.98
37.85
47.42
53.83
49
52
61.39
62.42
61.35
60.48
60.59
57.87
52.61
52.07
66.61
67.65
65.62
57.74
46.77
53.72
56.02
46.23
28.34
37.18
43.39
52.03
44.47
47.66
45.83
36.34
19.44
21.27
27.76
28.61
40.67
33.42
33.91
35.96
40.21
37.9
35.5
32.27
30.8
34.21
35.8
39.99
30.37
39.53
41.01
30.9
32.74
32.06
27.65
29.55
25.96
31.37
37.36
43.61
41.96
32.23
33.31
30.45
29.55
33.37
32.88
40.19
46.15
42.19
27.66
28.3
34.5
31.07
20.63
16.64
24.25
352.7
18.67
11.93
23.25
27.38
29.1
46.87
41.77
27.8
43.27
97.5
158.11
166.92
158.99
161.81
146.94
143.79
133.73
126.88
112.45
79.24
54.25
49.93
49.86
53.25
48.96
22.08
31.43
41.2
42.09
47.17
46.23
44.19
47.68
45.17
35.01
39.02
42.66
43.56
45.53
48.26
48.8
49.92
52.4
56.74
55.51
79.16
87.75
71.76
83.32
92.41
86.77
75.98
76.09
69.99
68.48
68.1
67.15
67.04
67.61
68.98
70.02
71.56
76.67
80.12
79.63
78.01
76.35
81.22
83.98
84.14
86.27
90.71
95.78
96.9
98.24
94.7
94.79
91.72
90.14
92.01
92.37
92.85
97.44
98.77
96.43
95.03
93.76
94.41
98.02
101.95
101.71
104.14
107.52
107.37
108.17
109.76
108.75
110.93
110.57
111.13
109.88
110.15
110.85
109.62
107.94
108.25
114.61
112.93
110.67
113.37
115.83
117.1
117.53
120.76
120.35
110.05
103.09
109.94
122.11
131.85
126.93
126.72
135.93
128.44
125.46
119.43
115.66
111.26
111.73
119.51
127.05
119.41
120
126.74
129.58
120.38
133.77
130.67
125.07
119.55
144.1
146.28
139.22
131.26
115.52
110.44
112.25
133.6
119.5
140.14
140.45
138.09
130.76
132.21
152.8
253.89
263.29
283.81
315.45
325.43
339
336.18
352.18
355.58
14.87
24.99
21.49
24.94
26.9
14.72
265.91
298.91
307.7
332.96
353.2
18.57
32.58
170.42
176.86
172.31
166.92
166.53
156.61
138.07
123.28
106.9
98.01
82.28
75.15
67.04
67.64
72.92
85.22
101.15
107.74
102.85
87.65
95.38
93.9
94.16
94.97
98.83
102.65
106.21
113.54
116.61
113.34
118.36
119.32
127.81
134.63
139.52
136.82
136.17
131.69
134.29
136.09
130.96
123.85
126.88
131.57
126.79
122.74
119.53
117.26
119.94
127.33
127.14
128.53
125.9
122.75
125.99
129.77
129.93
130.33
128.99
129.7
128.93
127.72
122.95
122.92
128.11
128.64
129.49
127.95
126.96
125.49
124.57
128.12
133.73
132.72
130.84
127.75
129.25
133.11
128.34
127.35
124.34
125.19
129.79
127.16
131.86
126.42
128.23
127.89
137.81
132.31
136.92
137.48
145.56
143.41
137.58
131.22
144.31
139.08
138.62
140.24
136.61
139.6
145.85
140.87
141.5
152.1
141.8
154.77
155.31
157.9
142.47
140.37
152.56
156.87
147.49
154.39
146.61
144.4
144.89
135.92
134.29
129.1
133.32
136.89
133.15
130.55
137.4
194.97
227.33
249.31
274.85
274.78
317.26
293.98
176.31
126.79
114.26
107.95
118.46
135.79
164.34
160.64
161.94
179.86
162.53
168.3
177.5
188.89
197.81
181.2
181.89
186.38
191.23
190.12
188.89
193.79
188.17
188.46
192.15
190.23
259.91
247.06
210.95
186.73
212.73
185.93
169.83
234.7
198.8
206.7
188.1
201.69
206.68
202.86
206.27
205.31
208.44
204.65
205.94
203.56
208.24
214.17
217.22
213.08
207.48
210.82
214.25
212.53
221.88
224.76
226.43
222.23
229.32
217.11
213.42
205.86
206.16
213.75
225.5
238.2
228.9
240.88
245
224.75
211.45
224.11
215.23
216.54
210.36
204.29
202.83
210.16
203.56
204.37
203.25
204.29
205.12
193.98
195.73
205.86
201.68
214.51
210.89
210.97
216.08
218.09
231.33
219.86
213.57
223.49
218.96
222.97
227.97
208.44
192.94
202.48
211.86
207.19
201.59
211.61
215.68
220.34
225.92
199.67
192.95
191.98
199.54
181.15
171.72
203.93
188.13
187.15
169.03
172.25
190.34
187.55
179.23
174.08
194
174.55
182.19
158.29
106.79
100.39
187.53
221.69
223.48
239.89
219.64
216.28
211.38
215.99
202.09
173.37
163.51
149.04
109.72
116.42
124.5
125.91
123.76
125.47
130.34
134.65
136.33
134.52
131.03
126.28
128.68
129.35
130.13
129.59
133.6
126.11
128.5
143.85
151.01
158.82
153.29
167.94
169.06
127.11
136.87
128.6
136.65
162.15
164.95
160.22
163.67
189.39
190.51
182.81
188.38
182.77
175.64
173.55
185.92
191.59
194.74
186.03
188.89
170.73
168.93
165
175.47
189.44
188.72
198.29
230.84
238.82
247.35
241.75
243.39
242.22
236.17
228.62
215.9
201.65
203.49
205.53
206.51
198.02
200.13
192.57
198.86
197.3
199.12
195.52
197.64
201.16
207.49
214.5
217.02
216.68
212.39
211.42
204.95
203.42
202.46
202.67
204.5
207.7
208.86
207.41
209.19
205.89
201.48
202.1
203.47
205.52
204.83
202.05
201.4
201.36
205.44
213.34
221.51
227.25
228.77
232.56
227.65
229.01
228.47
230.66
232.11
230.35
226.24
226.52
224.29
224.92
229.29
228.74
231.14
236.87
237.2
235.18
236.87
236.88
239.1
227.66
226.93
231.93
242.43
241.49
235.66
241.9
235.25
231.24
229.85
238.33
240.83
236.11
230.84
224.98
221.1
223.22
229.7
234.15
229.43
237.11
234.52
237.84
229.22
236.08
235.04
226.19
232.28
234.18
234.78
241.46
241.15
239.65
231.49
233.5
231.1
226.19
225.29
218.72
210.8
209.61
204.53
204.51
203.69
206.75
209.08
213.69
216.61
220.4
226.12
221.38
227.73
216.4
207.45
215.32
230.04
239.87
242.99
239.41
236.18
228.91
223.28
214.17
204.27
205.95
205.97
208.04
211.93
212.45
211.75
215.2
220.9
220.45
220.68
219.85
212.7
210.93
212.37
212.29
208.92
205.58
205.75
207.69
203.52
200.67
200.68
203.9
204.97
207.56
206.14
210.61
211.97
213.69
208.04
207.18
210.08
207.81
207.4
205.59
208.03
209.87
212.18
215.24
218.82
218.67
217.71
222.1
224.18
230.55
230.99
237.36
232.19
231.14
229.07
234.8
236.68
237.13
232.19
226.52
229.93
226.21
223.31
226.65
230.43
232.23
231.24
218.23
221.4
228.46
225.06
226.73
235.68
232.93
241.58
233.89
231.62
229.6
235.17
221.01
221.28
225.41
217.8
218.2
217.12
213.08
212
211.74
202.42
207.82
201.12
205.52
198.96
204.19
206.88
210.96
210.11
216.76
211.42
201.9
199.88
205.89
198.86
196.42
198.98
197.39
197.15
197.82
210.43
202.56
201.43
192.94
191.88
197.9
200.69
194.77
191.58
179.09
188.54
222.2
210.21
217.73
196.33
179.24
191.61
225.24
220.29
181.28
185.77
165.82
167.42
178.7
176.88
165.61
175.91
168.4
166.02
170.16
157.46
157.82
169.92
164.12
182.31
220.64
155.9
172.52
158.17
157.16
164.22
154.03
148.36
151.64
162.32
155.07
167.94
173.01
185.7
200.13
191.57
195.84
190.7
202.49
207.42
213.06
214.76
229.5
231.8
219.88
213.14
212.83
206.6
201.49
199.41
197.35
194.8
201.26
197.04
195.53
198.55
195.18
192.14
199.11
205.1
204.28
196.09
193.34
197.86
197.5
198.78
196.73
199.19
201
199.86
202.03
194.23
194.54
181.1
195.01
202.07
201.37
194.14
200.79
217.74
226.95
226.42
224.83
222.66
218.14
211.99
213.97
204.43
203.02
205.59
206.08
201.17
200.66
208.42
219.27
233.24
237.04
235.14
235.74
232.39
247.41
247.07
248.34
256.7
257.91
265.27
255.01
255.57
271.51
296.01
288.23
288.98
279.49
270.46
264.09
267.1
247.99
248.29
248.31
248.3
259.69
312.55
311.17
321.44
320.58
317.15
311.49
323.49
316.77
306.33
313.81
314.85
314.86
310.04
306.51
294.11
290.27
291.09
276.15
256.98
241.54
245.1
258.04
262.91
252.83
241.61
242.16
254.47
265.1
271.9
272.87
276.32
277.56
278.6
279.93
273.34
272.99
273.42
273.24
276.64
279.21
277.37
274.28
272.17
271.98
269.12
270.6
266.11
272.06
268.43
264.73
266.79
269.07
268.71
265.28
263.76
267.44
270.04
268.08
267.1
264.97
272.36
272.6
267.79
268.64
273.42
273.2
274.61
273.13
273.68
273.04
274.85
275.92
271.52
271.16
273.94
274.67
272.28
268.69
271.97
277.58
274.68
269.63
274.45
276.16
279.99
277.79
278.58
275.23
261.19
264.7
268.96
268.17
257
268.54
270.97
264.61
266.87
265.29
241.46
227.25
231.6
191.49
213.21
262.02
258.23
265.69
267.23
280.85
270.48
260.95
259.51
262.19
258.61
254.36
251.13
282.88
278.02
266.55
297.55
261.32
239.77
284.45
278.95
282.5
273.79
273.69
273.57
267.14
285.01
286.24
286.37
266.5
286.31
287.24
290.51
280.04
265.28
279.29
271.23
276.55
266.6
284.1
281.53
284.26
286.02
282.93
290.18
287.3
288.23
290.82
291.02
288.95
285.52
290.71
297.74
288.06
294.49
290.33
285.07
284.92
285.42
290.43
288.01
280.58
287.52
286.2
289.5
287.74
288.48
284.08
286.19
285.78
293.78
312.11
320.54
316.7
325.26
330.32
332.77
331.97
333.12
331.35
333.63
357.6
24.72
25.21
70.84
76.02
97.22
94.22
100.95
122.74
129.93
141.45
152.53
165.3
166.83
154.04
168.6
167.98
161.09
160.82
156.22
153.09
155.9
161.72
162.36
162.33
165.34
158.9
159.86
167.46
167.24
172.65
177.29
178.72
177.07
176.13
177.78
175.99
180.01
181.57
185.19
185.61
186.28
185.43
181.16
180.11
181.14
170.94
168.25
171.46
172.38
167.01
164.61
160.31
157.59
154.71
155.27
156.77
159.21
160.94
156.25
159.17
157.16
154.89
157.5
155.38
159.07
154.84
154.13
157.88
156.37
153.55
155
157.09
149.87
157.6
150.42
151.31
154.15
157.56
153.5
144.33
146.42
151.43
155.23
158.67
187.45
153.4
173.45
154.55
154.7
156.44
144.2
145.81
139.95
129.41
170.54
158.7
160.44
186.49
212.06
218.35
226.16
235.6
206.17
224.43
227.45
237.49
239.52
212.78
216.74
215.47
241.88
244
228.71
228.81
232.66
244.54
259.3
254.57
259.95
276.72
279.14
279.67
288.61
287.77
280.66
280.28
272.14
273.53
275.44
287.28
289.48
294.75
295.44
296.89
301.73
305.22
310.12
301.4
302.4
304.12
305.15
308.19
312.52
309.68
309.8
311.85
312.2
316.66
331.13
345.03
347.86
353.83
347.89
331.73
331.73
351.38
15.08
24.96
24.37
27.12
30.28
35.89
37.31
46.69
56.62
51.45
37.24
47.58
60.76
67.09
89.53
104.04
112.52
123.82
119.2
132.43
144.26
134.72
139.34
144.45
148.69
159.91
172.34
182.14
184.57
181.65
179.95
182.98
181.55
188.68
194.54
201.93
201.13
205.06
213.07
211.09
212.88
213.17
212.51
213.7
216.57
224.21
220.01
231.67
232.14
234.15
235.45
226.89
208.91
212.92
227.62
221.43
225.34
228.93
220.85
216.85
209.2
217.91
237.23
231.44
226.26
230.51
233.28
239.13
234.06
238.51
219.08
227.57
246.54
240.81
240.87
235.95
244.3
253.41
238.01
237.52
238.46
245.71
249.79
252.83
256.05
250.48
254.69
261.58
249.28
246.02
252.81
251
248.73
252.88
259.91
271.1
274.05
291.25
296.65
293.54
294.67
292.1
291.34
293.39
294.77
293.21
285.32
284.89
283.67
286.43
283.04
298.75
320.85
320.24
312.58
309.76
302.69
303.9
301.21
302.06
300.26
304.07
308.78
307.45
307.67
306.28
303.37
302.02
294.13
300.69
302.09
301.56
297.72
296.58
299.59
302.56
304.68
301.46
302.03
288.78
283.4
286.2
282.36
281.18
283.99
280.51
279.44
280.27
274.13
275.89
270.71
272.91
263.28
257.11
243.69
243.49
254.01
256.82
256.01
257.93
257.89
256.31
254.67
258.46
254.04
237.12
237.65
240
244.42
245.62
236.28
221.5
215.63
218.25
222.95
220.86
225.1
231
231.53
228.78
229.78
222.74
222.66
222.9
221.1
224.66
227.64
225.01
220.66
219.99
226.3
219.02
218.29
220.26
227.2
215.19
219.84
221.09
230.74
230.61
223.61
225.28
234.3
234.04
243.1
245.8
240.78
234.93
238.19
249.52
247.57
254.86
250.43
237.75
230.8
248.9
247.87
247.11
246.91
256.87
252.94
253.16
253.84
256.17
258.91
263.88
263.41
267.44
265.13
269.95
265.92
258.64
255.73
247.5
256.55
251.11
250.58
245.72
257.96
259.13
257.01
268.76
271.24
274.33
290.18
300.83
302.2
305.41
313.66
303.05
303.54
302.31
304.19
309.84
308.4
313.12
307.2
307.96
305.3
302.79
305.25
296.58
297.91
298.02
297.22
299.95
299.71
297.95
293.26
298.88
297.22
291.41
294.85
293.82
294.53
295.26
290.75
285.82
285
277.92
278.67
282.2
281.18
280.16
279.32
279.16
274.13
272.09
267.72
266.37
267.44
269.04
271.77
273.8
272.44
268.21
259.14
256.3
252.9
246.91
243.47
246.62
249.4
248.77
250.8
247.57
242.03
249.6
251.66
233.52
231.25
239.82
249.27
246.18
281.2
299.89
317.17
293.71
300.84
300.37
294.92
295.16
286.41
266.89
265.66
256.25
253.37
255.08
261.08
270.49
271.98
257.99
256.16
254.54
244.46
247.93
228.66
223.33
242.81
234.2
222.12
233.76
282.95
228.76
260.32
282.5
2.82
28.97
120.29
205.37
243.51
258.11
272.98
285.94
290.87
321.16
315.69
288.36
315.2
323.91
328.56
336.08
87.25
83.28
109.26
98.53
108.75
124.05
140.37
102.9
133.43
126.11
181.74
203.2
165.43
211.81
197
222.45
182.84
197.9
203.96
207.16
220.48
222.84
209.89
214.21
220.4
212.8
203.61
204.79
208.64
213.24
220.89
223.54
233.49
235.49
240.2
240.21
237.68
233.72
229.62
226.09
219.23
220.54
223.61
221
225.7
231.31
236.61
238.49
244.71
246.47
247.57
249.35
251.06
251.66
257.51
257.17
261.81
264.9
262.24
266.11
269.82
270.28
270.41
279.11
275.1
264.31
267.27
274.73
278
