7.41
6.44
7.48
7.75
7.31
6.42
6.67
6.39
7.76
6.73
7.59
6.05
6.23
6.6
7
7.43
6.91
6.38
5.86
6.81
5.74
5.88
5.96
6.49
6.31
6.77
6.6
7.38
7.12
7.29
8.19
6.93
5.65
5.78
6.33
6.06
6.16
5.69
6.1
6.13
4.95
4.32
3.82
3.99
4.41
5.66
5.3
5.41
5.33
4.55
4.93
4.85
4.52
4.54
5.93
5.5
4.65
5.25
5.57
5.12
5.28
4.97
4.9
3.67
3.87
5.19
5.56
4.71
5.99
4.94
4.4
6.32
5.38
4.17
4.82
4.58
5.46
6.35
6.56
6.55
5.4
4.44
4.04
3.33
3.24
5.48
6.82
6.28
4.3
4.67
4.72
6.09
5.01
5.31
5.78
6.57
6.18
5.57
6.13
6.72
6.29
5.11
5.44
5.88
6.41
6.98
7.9
8.45
7.6
8.63
8.29
8.61
8.21
7.64
7.4
7.09
7.63
6.84
7.17
6.92
7.09
6.06
8.01
7.31
7.49
6.93
6.5
5.94
5.69
5.48
6.18
6.16
5.8
5.26
5.91
5.33
4.24
4.43
5.69
5.4
5.45
5.83
5.14
5.07
5.16
5.76
6.13
5.39
5.79
5.64
4.88
5.01
5.14
5.98
5.85
6.52
6.4
5.5
5.61
5.39
5.06
5.82
5.88
5.68
6.14
6.77
6.13
5.87
5.55
6.07
5.86
5.9
6.6
6.32
5.61
5.57
5.34
5.78
6.7
5.88
6.79
6.69
7.46
6.76
7.23
6.55
5.59
6.3
5.78
5.84
6.58
6.78
6.49
6.45
7.07
7.19
7.89
9.16
5.88
7.07
6.87
7.72
7.37
6.62
6.74
6.91
5.94
6.4
6.54
6.35
7.99
7.89
8.01
8.38
9.38
10.12
12.4
11.22
8.37
6.12
6.95
6.51
7.34
7.45
6.05
6.8
5.33
4.75
4.24
2.95
4.53
4.35
5.04
6.36
4.73
4.6
5.7
7.4
6.83
5.38
7.63
8.56
6.95
7.15
6.81
7.17
7.68
7.03
7.22
4.47
4.8
4.94
5.6
7.69
7.19
7.83
8.9
7.26
6.58
6.87
6.89
6.57
7.22
4.61
6.75
6.76
5.31
6.58
6.99
6.02
5.58
5.47
5.42
5.11
6.67
4.37
4.06
5.15
5.7
5.72
5.2
4.11
5.29
4.72
5.99
4.91
4.57
4.36
4.19
4.81
4.47
4.72
4.05
3.65
3.39
3.58
4.23
4.23
3.84
4.31
3.95
4.18
4.04
3.62
3.58
3.54
2.74
2.64
3.34
3.29
3.09
2.95
3.72
4.16
4.17
3.67
3.54
4.54
4.87
4.12
4.19
4.05
4.16
5.34
5.1
5.54
3.56
1.36
0.54
1
1.83
0.9
0.69
1.73
1.93
1.31
1.29
1.33
1.29
1.12
1.4
1.35
1.37
1.52
1.35
1.26
1.14
1.88
1.65
1.67
1.84
1.72
1.69
2.02
1.98
1.28
1.17
2.28
2.22
2.27
2.03
2.12
2.06
2.47
3.62
3.26
2.56
2.08
2.21
1.8
2.26
1.19
2.09
2.31
3.05
2.44
2.61
2.66
2.61
3.32
2.9
2.91
2.26
1.57
2.2
1.67
1.48
1.63
2.25
2.26
1.54
1.3
1.72
1.66
1.93
2.46
1.88
1.52
1.76
2.02
1.67
2.02
2.74
2.13
2.41
3.02
2.23
1.44
1.68
2.45
2.3
2.09
2.07
1.97
2.1
2.38
2.4
2.29
2.17
3.2
4.51
4.52
3.92
2.93
2.54
2.8
3.42
3.36
3.21
3.15
3.25
3.19
2.78
3.12
3.01
2.75
2.61
2.41
2.37
3.04
3.16
3.41
3.99
3.74
3.74
3.31
2.65
2.68
3.12
3.03
2.22
2
1.97
2.86
3.79
3.79
2.73
3.57
4.64
5
5.2
5.33
5.5
4.54
2.6
2.55
2.74
3.26
6.4
5.37
5.62
6.06
6.74
5.84
4.5
4.48
3.7
3.55
3.05
2.41
2.35
2.21
2.36
1.7
2.06
2.07
2.39
2.5
2.06
2.78
3.34
3.46
2.84
2.14
3.21
2.81
2.54
2.33
3.6
3.77
2.94
3.61
2.2
3.21
2.53
2.39
3.19
2.82
2.91
2.9
2.89
2.54
3.24
3.28
3.38
4.54
4.72
3.67
2.99
4.78
5.12
4.51
5.5
3.88
3.04
3.18
2.52
1.96
1.65
1.83
3.77
5.57
5.96
6.07
4.61
1.46
2.26
3.55
4.27
4.84
5.56
4.86
4.48
4.11
3.51
4.59
5.47
5.93
6.09
6.36
6
5.78
4.95
4.63
5.2
2.71
2.63
2.95
2.63
1.99
2.37
3.01
3.11
4.11
4.32
5.42
5.61
5.74
5.67
5.81
6.34
6.77
7.64
7.77
6.81
5.43
5.4
5.06
4.11
4.55
4.95
4
3.67
3.8
4.05
4.57
4.81
5.25
5.2
5.23
5.24
4.25
5.02
5.71
5.8
6.25
6.49
6.21
6.43
6.14
5.97
6.26
6.41
6.75
6.59
5.82
5.54
5.25
5.46
5.76
5.63
5.53
5.41
5.38
5.3
4.93
4.28
4.9
5.44
5.25
4.71
4.2
3.56
3.31
3.06
3.03
3.44
3.58
2.59
2.47
3.16
3.01
3.5
3.64
3.5
3.24
2.34
2.74
3.35
4.13
5.33
5.95
5.99
5.65
5.68
6.69
7.11
6.53
5.92
5.83
5.34
5.76
5.36
4.61
5.28
4.05
3.4
3.27
4.23
5.29
5.44
4.68
4.34
3.73
2.51
3.72
2.86
2.32
2.1
2.14
1.82
2.12
1.98
2.24
1.56
1.54
1.33
2.03
2.37
2.1
2.55
2.76
3.36
3
2.64
2.1
2.31
5.56
7.5
6.73
6.78
7.12
5.94
6.13
6.85
7.92
7.48
6.53
5.52
5.03
4.17
2.98
3.31
3.78
3.42
3.27
3.64
5.61
6.28
5.81
6.78
6.69
6.15
5.39
5.29
5.94
6.58
7.01
6.57
5.96
5.88
5.83
5.98
5.7
5.01
4.74
4.75
4.11
5.38
6.11
7.19
7.8
7.8
7.36
7.39
7.98
7.55
7.05
7.49
7.73
7.48
7.15
6.46
6.13
6.23
6.56
6.15
6.27
6.2
6.77
6.57
6.42
6.41
6.24
6.3
6.2
6.33
6.33
6.27
5.7
5.52
5.78
6.29
5.83
6.33
5.94
6.23
5.93
5.6
4.89
5.85
4.66
5.11
5.54
5.45
5.2
5.51
6.87
6.92
6.13
6.61
5.69
6.14
7.05
7.02
7.44
6.87
6.94
7.14
6.68
6.87
6.76
7.06
7.24
7.75
7.05
5.79
6.15
5.67
5.82
5.69
7.4
5.83
5.46
6.21
6.63
7.19
5.86
6.36
8.67
6.26
8.59
9.99
9.18
7.29
6.23
4.76
4.25
2.16
0.63
0.96
1.1
3.65
4.49
4.99
3.83
3.21
3.07
3.85
3.4
3.23
3.19
3.32
3.08
3.36
3.37
3.54
3.75
3.93
3.98
3.81
3.68
3.64
3.58
2.92
3.53
2.47
1.42
1.2
1.23
1.53
0.72
0.8
0.68
1.24
1.99
2.54
3.31
3.65
3.85
4.3
3.93
3.43
3.41
3.36
3.63
3.76
3.93
4.72
5.17
4.65
4.65
4.4
3.97
4.25
4.57
4.26
3.68
3.32
3.74
3.2
3.4
3.74
3.6
3.81
3.77
4.75
4.08
4.54
4.1
3.52
3.83
4.15
3.51
3.52
3.06
3.5
3.33
3.03
3.76
3.77
3.64
3.44
3.41
3.55
3.38
3.02
2.73
2.6
2.48
2.23
2.75
2.44
2.68
2.87
2.6
2.4
2.36
2.23
2.1
2.38
2.28
2.63
2.84
2.74
2.7
2.69
2.64
2.19
2.61
2.59
3.04
4.22
3.36
2.75
3.6
3.89
2.39
2.67
2.31
2.07
3.1
3.66
3.39
3.01
4.77
4.46
4.23
7.2
4.66
1.37
0.85
1.61
1.46
1.84
2.45
4.49
6.63
5.06
5.09
2.68
2.18
2.06
2.29
2.45
3.17
2.86
3.88
4.1
4.24
4.14
4.51
4.39
4.35
3.56
3.02
2.41
1.9
2.16
2.48
3.17
3.1
2.41
6.22
5.06
4.48
3.19
1.57
1.91
3.11
3.9
5.29
4.66
4.77
4.53
4.71
5.05
5.01
5.09
4.5
5.06
5.01
5.1
5.56
4.73
4.61
4.41
4.16
4.23
4.18
4.1
4.16
3.79
3.15
2.74
4.06
4.6
5.35
4.53
4.62
4.3
3.76
3.84
3.29
3.21
3.3
2.7
3.09
3.47
3.41
3.33
3.4
3.5
3.92
4.3
4.58
4.92
5.28
5.9
5.78
5.82
5.82
5.92
5.85
6.14
6.42
6.75
6.49
6.91
6.59
7.44
7.09
7.63
7.39
7.43
7.42
6.78
6.83
7.24
6.95
6.88
7.21
7.03
6.92
7.87
7.83
7.67
8.19
8.33
8.42
7.52
7.83
7.16
7.74
8.21
7.93
7.95
6.45
7.14
7.95
8.61
8.18
9.28
7.87
9.69
9.21
8.78
8.66
8.64
10.09
7.58
8.43
9.17
7.66
8.77
6.75
7.54
8.34
7.85
6.13
7.17
7.72
8.91
7.71
6.59
6.2
7.54
7.23
6.9
5.07
5.35
5.02
5.4
7.29
8.44
7.68
6.39
5.44
6.41
5.66
5.44
5.38
6.07
5.9
5.58
5.6
5.91
5.67
5.5
5.86
6.38
6.28
6.48
6.26
6.31
6.3
6.1
6.38
6.37
6.53
5.41
6.82
6.32
6.15
6.5
6.47
6.32
5.65
5.69
6.07
6.51
6.76
6.19
5.98
5.85
5.83
5.82
6.06
5.72
5.94
6.1
5.83
6.11
6.46
6.37
6.15
6.08
5.85
5.67
5.66
5.83
6.42
6.26
6.55
6.3
5.74
6.31
6.25
6.39
6.28
6.29
6.16
5.67
5.19
5.43
5
5.35
5.36
5.39
5.01
5.42
5.8
5.84
5.88
5.34
5.21
5.91
5.79
5.97
5.95
7
7.05
6.93
5.16
5.83
5.83
6.18
5.94
5.75
5.72
6.9
6.48
7.24
6.61
7.69
6.33
7.08
7.18
5.76
6.93
6.6
7.08
8.08
7.01
9.03
7.8
7.69
6.99
7.18
7.37
8.38
7.9
7.7
7.19
6.53
6.31
6.43
5.69
7.18
6.95
6.35
6.28
6.52
6.11
5.73
6.96
6.18
5.98
6.42
6.07
5.2
5.73
4.79
4.28
4.16
4.75
4.54
4.41
6.28
5.74
5.04
5.33
4.76
6.63
9.96
8.26
6.19
5.25
3.29
1.63
1.52
1.04
1.09
1.41
0.94
1.81
2.69
3.14
3.08
3.73
4.02
4.32
4.47
4.49
3.87
5.19
5.04
2.97
2.54
2.43
3.01
3.22
2.66
1.87
1.83
1.99
2.47
2.44
2.55
2.87
2.83
3.34
3.91
4.14
4.16
4.17
4.41
4.3
4.09
4.49
5.31
4.63
4
3.85
4.3
3.95
3.88
4.3
4.09
4.14
4.6
4.43
4.14
4.55
4.59
4.52
4.29
4.07
4.06
3.71
3.91
4.18
4.32
4.19
3.62
3.9
3.83
4.07
4.49
4.44
5.18
4.78
3.89
4.57
3.74
4.13
3.96
3.97
3.93
4.44
4.76
4.13
3.99
4.48
4.56
4.95
4.3
3.93
3.87
3.62
3.69
4.47
5.55
6.09
5.45
4.53
5.16
5.2
6.73
7.51
6.1
6.63
7.5
6.41
5.48
4.96
6.01
9.21
7.13
5.85
4.82
3.43
3.47
4.61
5.29
6.53
5.5
5.82
6.06
6.45
6.43
4.58
3.99
3.01
2.11
1.91
2.55
4.97
7.35
8.79
7.59
5.66
5
4.88
3.75
3.21
3.54
2.91
3.49
4.22
4.66
4.51
4.08
4.24
3.9
3.22
3.17
3.91
4.76
5.93
5.6
5.21
5.5
4.69
4.97
4.67
4.96
4.62
4.99
5.3
4.32
4.46
4.13
4.65
4.59
5.33
4.9
4.87
5.92
5.78
4.66
4.65
4.57
5.24
4.65
4.35
4.4
4.81
5.24
4.99
4.37
4.29
4.5
4.29
4.33
3.97
4.11
4.3
4.26
4.44
4.5
3.76
3.45
4.22
4.2
4.86
4.46
3.93
3.52
3.61
3.35
3.26
3.68
3.41
2.99
3.4
3.79
4.25
3.96
3.53
3.4
2.91
2.85
3.1
2.72
2.55
2.74
1.98
1.48
1.41
1.56
1.86
3.4
3.51
4.2
3.75
4.6
4.26
4.55
3.82
3.17
3.41
3.44
3.28
3.1
3.79
3.19
4.06
4.13
2.97
3.05
3.16
4.3
3
3.95
4.31
3.36
3.24
4.1
4.49
4.12
5.03
5.33
5.73
5.32
4.13
5.43
5.04
5.74
4.38
4.12
4.88
4.14
4.9
5.33
5.78
6.38
5.19
6.81
5.4
4.86
4.54
5.45
5.54
4.9
5.09
5.16
5.3
5.67
5.81
5.48
5.16
4.18
4.76
5.34
5.32
4.9
4.71
4.06
3.83
3.49
2.68
1.98
1.99
1.76
1.77
1.52
1.38
1.04
1.13
1.23
1.24
0.68
0.67
0.68
0.57
0.69
0.78
1.02
1.19
1.12
1.38
1.59
1.44
1.37
1.74
1.8
1.83
1.93
2.28
2.29
2.22
2.57
2.85
3.02
3.05
3.17
3.19
3.65
3.65
4.19
4.29
4.6
4.84
4.41
4.32
4.45
4.74
4.55
4.46
4.15
4.4
4.15
4.13
4.11
3.86
4.02
4.25
3.9
4.01
4.12
3.89
4.2
4.55
4.29
4.57
4.6
4.85
3.91
3.81
4.5
3.92
3.6
3.72
3.73
3.37
3.64
4.23
3.7
3
4.41
4.31
4.43
3.7
3.7
3.73
3.87
3.74
4.01
3.98
3.51
3.32
3.43
4.34
3.96
3.97
4.43
4.97
5.34
4.27
4.6
5.23
4.19
3.48
3.9
3.66
3.65
3.57
3.23
2.79
3.81
3.24
4.05
4.09
3.09
4.21
4.17
3.79
3.49
3.49
4.27
3.55
2.87
2.67
3.1
2.56
3.17
2.75
2.95
2.56
3.83
3.64
4.38
3.57
3.35
3
2.59
3.44
3.51
3.51
4.36
4.06
3.89
3.96
3.43
3.4
3.84
3.9
3.44
3.02
3.46
3.64
3.97
3.47
3.17
3.31
3.7
3.86
3.8
3.6
3.51
2.96
2.76
2.98
3.09
3.04
3.39
3.44
3.05
2
2.23
1.75
1.8
2.13
2.61
2.42
2.38
2.6
1.93
1.27
1.71
1.56
0.93
1.45
1.61
1.74
2.23
2.37
2.47
2.46
2.69
2.45
2.3
2.48
3.03
3.4
3.52
3.77
4.02
4.05
4.11
3.89
3.49
3.64
4.25
4.83
4.84
4.72
4.41
4.82
3.81
2.97
3.26
2.76
2.51
2.29
2.25
2.66
2.91
3.45
2.9
2.53
3.5
3.43
3.14
3.46
3.83
4.01
5.06
4.44
5.32
5.47
4.82
5.16
5.03
4.77
5.18
5.1
5.32
4.03
4.52
5.24
4.82
7.28
5.85
5.46
4.95
4.59
4.93
7.12
5.56
5.21
4.74
6.55
5.24
4.96
5.8
6.72
7.57
8.63
8.35
5.58
7.71
7.21
7.83
7.75
8.3
8.34
10.42
9.5
10.31
11.28
10.68
11.17
10.25
8.41
8.43
9.51
9.81
7.72
6.79
6.49
8.16
7.83
6.85
6.42
6.55
6.81
7.53
5.7
6.98
6.69
8
8.16
7.47
7.11
6.23
4.37
5.73
6.2
5.47
4.42
4.24
4.61
5.59
5.8
5.76
6.62
6.08
4.87
5.58
5.62
5.43
4.78
4.57
4.72
4.7
4.25
3.96
3.44
3.57
4.07
3.99
3.69
4.19
4.25
4.88
4.7
4.49
4.46
4.53
4.55
5.07
4.39
3.29
3.59
4.11
4.75
5.09
4.66
4.25
3.68
3.86
3.91
3.74
4
4.58
4.87
4.68
4.56
4.69
4.81
4.65
4.8
4.51
4.34
3.88
3.59
3.43
3.89
3.93
3.76
3.9
4.58
5.18
5.65
5.26
5.97
5.36
6.34
5.35
6.62
6.17
7.2
6.5
7.88
7.72
6.98
8.33
6.45
7.07
5.41
7.56
5.04
6.53
7.52
6.7
7.07
8.3
8.8
6.86
7.53
8.93
6.29
10.76
9.7
7.58
8.66
8.98
8.26
7.66
8
7.63
6.1
6.48
8.15
8.7
7.22
10.36
11.18
11.05
9.6
8.55
7.78
6.32
6.11
8.69
7.86
9.31
8.78
7.29
5.97
6.74
6.95
7.76
6.79
7.93
8.75
8.72
8.26
5.91
6
5.24
5.4
7.82
7.24
5.78
5.78
5
4.56
6.44
6.1
6.29
7.07
6.15
6.4
5.81
5.62
4.56
5.35
4.78
5.28
5.82
6.34
6.57
5.48
5.09
5.3
5.54
5.63
5.8
5.92
5.67
5.36
5.48
5.77
5.66
5.14
4.33
4.61
5.06
5.11
4.87
4.82
4.14
3.74
3.44
3.32
2.84
3.03
3.17
2.65
2.94
2.88
2.42
4.1
5.31
4.71
4.29
3.57
3.17
3.17
2.97
3.26
4.62
3.97
4.22
4.29
3.68
3.14
2.44
2.31
1.96
1.86
1.79
1.21
1.52
1.1
1.04
1.4
1.04
0.59
0.88
0.88
1.58
1.01
0.74
0.8
1.11
2.45
2.12
2.03
2
1.51
1.54
1.1
1.07
1.24
0.94
1.04
0.76
1.86
1.55
1.72
1.65
1.98
1.26
1.64
1.65
2.04
1.18
2.1
1.64
1.41
1.66
2
2.1
1.62
2.63
2.86
3.36
3.59
4.03
4.22
4.41
5.42
4.38
3.92
4.57
4.45
3.93
4.69
4.83
5.05
5.9
6.07
6.4
6.12
5.76
5.7
5.75
5.48
6.01
6.42
6.49
6.84
8.15
7.35
8.06
8.56
8.35
8.16
8.08
8.17
8.46
8.62
7.83
8.04
7.45
6.72
6.3
5.3
5.86
7.87
7.6
6.11
6.08
6.75
6.24
5.71
