181.2
236.8
222.7
205.5
198.9
186.8
197.2
207.2
184.9
183.7
222.9
194.4
189.5
246.3
256.3
255.3
29.8
242.1
295
281.4
282.2
264.8
260.7
256.1
233.1
253.2
229.8
228.6
223.3
230.1
235.6
259.5
274
268.6
248.3
260.1
227.1
289.9
276.8
237.3
291.1
256.9
273.4
258.8
284.6
248.2
280.5
263.5
289.6
290.2
213.8
253.9
251.5
273
240.1
204.1
288.3
300.9
204
263.1
259.2
276.9
233.8
169.2
288.1
262.3
244.6
247.7
84.5
267.4
233
269.8
277.4
220
235.3
206.2
237
215.6
206.6
230.8
206.8
232.5
234
274.4
214.2
173.3
190.5
204.1
208.8
238.3
221.2
182.2
211.7
241.8
233.9
218.3
228.4
220.4
281.1
210.2
209.8
216.7
195
208.2
208.5
190
187.2
206
184.5
222.1
212.5
223.2
221.8
227.4
255.2
236.7
249.2
297.7
304.8
286.6
282.8
266.9
286.3
240.6
251.6
262.9
246
281.5
271.2
309.5
255.7
247.8
251.3
245.3
233.7
213.1
216.6
226
230.7
207.2
180.2
238.7
182.2
220.3
221.9
195.6
210.7
226.5
253.9
219.3
203.9
188.9
195.6
222.6
178.1
195.1
181.1
197.2
185.1
198.3
212.7
187.5
203.3
208.9
175.5
196.4
188.8
196.8
170.3
194.3
204.2
234.5
198
211.7
209.7
211.1
208
197
202.8
213.2
200.1
198.3
190.3
202.2
201.2
195.7
203.7
227.6
204
201.2
197.4
191.6
199
188
226.1
189.9
195.6
202.7
202.7
179.5
208.4
216.3
206.5
238.5
208.1
204.3
191.8
206.1
219
257.3
282.6
182.3
235.2
229.5
201.1
184.1
197.2
198.6
202.3
183
208.2
203.7
212
220.9
215.5
199.7
210.1
196.1
191.6
222.6
201.6
211.4
191
198.5
201.4
187.7
202.3
205.8
227.2
207.9
186.4
204.8
205.7
215.8
203.2
201
184.3
215.3
199.8
201.1
195.3
229.2
183.5
197.3
200.1
201.8
215.7
192
201.7
209.7
198.2
208.7
208.9
207.4
206.8
221.6
187.9
209
194.1
202.7
202.5
188.9
196.9
202.6
195.6
202
213.2
212.3
184.6
249.3
266.9
240.1
186.9
208.9
254.8
250.1
239.1
219.5
262.5
234.3
229.1
216.6
216.6
225.5
218.8
195.7
241.2
244.7
210.9
226.9
242.4
238.5
231.5
233
220.8
219.3
201.9
247.5
255.3
236.2
201.7
11.7
244
262.6
239
204
241.9
270.3
266.8
278
262.7
267.8
256.1
242
330.6
293
259.1
265.1
255.8
236.5
247
257.5
268.9
232
191.2
231.9
240.8
242.1
265.8
215.4
243.8
201.9
255.1
239.2
231.5
219.9
251.4
202.2
194
241.8
241.6
229.7
263.4
207.5
226.9
199.4
213.7
226.9
213.2
198.3
216.3
194
198.7
210.6
193.4
225.7
190
198.8
201.2
191
201.6
205.1
203.7
215.9
240.8
166.8
203.8
191.4
186
212.9
234.6
215
195.2
216.2
215.1
200.1
193.2
202.7
217.7
188.1
217.1
171.9
247.4
264.2
190.5
229.1
200.1
219.7
207.4
204.9
215.1
262.1
175
210
223.2
188.1
222.7
208.4
222.5
220.2
82.8
193.8
228.4
185.1
195.9
251.4
191.9
186.9
187.9
268.7
233.9
197.1
196.1
232.4
201.6
202.5
200.6
205.5
204.9
256.3
216.8
196.3
197.2
223.6
205.1
214.8
239.6
245.7
223
227.3
223.6
228.9
190.7
245
275.1
273.8
227.9
280.5
218.2
264.6
234.1
223.3
215.3
226.5
224.9
200.9
214.4
194.8
215.4
206.9
199.5
216.5
213.4
227
246.6
225.4
187.1
204.6
232.3
250.8
239.3
214.3
223.2
209.6
182.8
202.9
217.3
227.7
219
227
197.9
233.2
211
242.2
249.7
230.8
189.7
229.8
199.1
213.5
249.5
200.4
196
207.9
215
192.1
197
193.7
172.2
220.4
192.7
210.1
200.9
198.5
208.6
230.6
246.4
200.3
194.9
197.9
242.9
233.5
185.3
222.4
175.8
24.9
304.4
211.7
262.2
250.5
262.9
305.3
280.6
290.7
280.2
227.8
225.5
256.1
235.5
228.4
197
200.5
211.4
175
237.1
225.7
212.9
218.8
187.4
198.1
199.9
227.9
212.3
209.7
185.5
203.5
202.7
205.9
207
220.8
231.2
205.7
213
215.2
213.6
216.3
192.5
207.4
203.9
211.9
210.8
197.6
240.4
202.4
192.2
176.7
207.1
180.4
194
196.9
184.6
183.4
201.7
217.4
211.1
175.4
198.5
233.1
229.8
262.2
148.1
236.4
211.3
207.8
327.4
235.9
328.6
244.3
217.3
322.9
290.4
263.7
258
278.6
267.9
313
285.4
292.6
259.2
266
280.6
227.2
228.8
301.7
248.6
246.1
244.7
235.1
241.1
231.5
228.9
236.6
241.9
217
224.8
199.4
199.9
213.2
214.8
208.2
186
172.6
179
231.5
258.8
250
225.3
211.7
225.6
241.1
243
263.6
240.5
224.3
207
241.4
243.8
254.3
213.7
220.3
200.3
211.6
252.1
258.8
250.6
224
285.4
248.3
229.1
184.5
180.2
212
201.3
210.2
199.6
214.5
208.3
208.4
208.7
195.3
241.4
172.9
208.1
195.7
220.1
214.6
198.6
212.4
204.3
207.2
255
210.2
208.8
207.6
218.6
231.7
217.9
204.2
241.4
224.9
263.5
204.3
177.6
191
250.4
299.7
247.2
215.4
235.6
191.9
194.4
171
192.9
202.3
214.4
248.3
184.6
205.2
261.9
294.8
314.8
303.7
303.1
301.6
300.8
298.4
296.9
312.2
318.4
314
319
325.9
331.7
333.2
335.9
326
340.5
224.6
356
46.9
344.3
354.1
23.8
116.5
47.3
69.4
62.9
53.2
57.5
73.1
49.1
41.9
48.7
68.5
45.7
22.1
124.6
49.3
29.3
42.2
55.3
47.3
75.6
71.6
95.5
114.6
138.8
133.2
168.9
174.8
180.3
189.1
167.5
187.1
210.7
191.7
159.8
176.7
176
181.2
183.5
188.1
210.2
168
155.9
197.6
250.6
212.8
146.6
163.4
168.3
205.8
155.6
169.8
176.2
202.8
0.1
180.7
162
158.4
189
196.7
190.2
161.3
199.3
190
181.2
198.5
185.4
169.6
163
188.2
194.3
185.1
165.5
187
179.3
136.2
159.2
153.5
187.1
187.3
204.2
174
185.3
225.6
189
195.1
180.8
183.7
179.8
182.1
184.8
181.2
154.9
189.9
173.6
178.7
158.1
185.1
172.6
130.1
127.6
159
181.5
178.9
214.6
179.9
174
170.4
185
180.3
196.1
199
212.2
140.9
151.8
160.6
147.9
170.7
156.8
154.7
165.3
160.5
140.8
152.4
159.6
167.2
164.1
165.6
161.3
139.6
144.4
153.8
148
159.9
153.5
137.1
141.9
145.6
147.7
150
164.5
164
183.5
170.4
184.4
177.9
158.2
154.1
159.5
189.2
199.4
166.1
169
177.4
148.6
191.6
140.3
144.7
147.2
161.1
151.4
160.6
165.6
161
149.7
149.4
153.4
150.3
186.7
145
144.7
166.8
172.5
150.5
154.2
150.2
167.7
175.9
177.3
149.7
170.9
175.4
163.3
162.9
157.4
160.9
155.5
159.6
151.9
155.6
197.6
184.1
197.1
160.7
167.8
136.4
170.1
197.8
169
155.9
152.3
151.3
164.9
159.3
161.9
168.9
173.7
180.9
197
192.9
146.2
145.6
136.2
169.2
159.2
150
144.9
139.9
152.8
143.3
149.8
161.2
160.8
147.4
170.8
161
152.2
138.3
147.2
161.6
144.6
156.3
144.6
135.2
159.9
145.4
147.3
144.1
145.9
143.9
121.6
159.5
152.8
149.1
136
124.9
136.6
119.4
114.1
99.1
126.2
130.6
131.4
119.2
121
115.3
103.3
126.4
114.1
126.7
116.6
103.2
113.7
83.4
69.8
75.8
76.4
69.9
62.4
74.3
70.7
71.6
76
63.5
63.7
54.9
64.7
62.6
69.6
67.1
72.8
57.9
56.4
57.5
55.4
55.4
53.5
52
54.8
48.6
46.6
42.3
40.3
38.6
42.3
49
51.8
49.6
50.5
53
43.5
49.1
41.8
42.8
49
46.4
47
46.6
44.5
39.1
39.5
41.7
41.4
38
38.6
40.1
42.4
38.9
43.4
43.2
42.7
46.9
45.4
49.6
48.7
49
62.2
65.4
70
59.9
71.8
76.2
82.1
108
96.3
105.7
68.9
115
74.3
106.7
114.3
100
146
124.2
122.3
106.7
65.4
79.9
104.4
104.9
112.4
115.9
125.4
132.7
154.4
129.6
139.8
112
139.6
106.3
131.9
60.7
70.3
96.2
118.5
84.9
107.9
108.8
110.2
114.9
60.2
66.2
102.3
72.8
96.3
103.7
103.9
100.7
100.2
63.4
115.6
51.4
84.1
110.1
58.9
46.2
36
37.3
34.8
41.6
48.3
38.6
53.9
71
49.6
46.9
49.3
43.9
45.5
49
48.4
54
62
50.5
47
51.6
52.7
52
50.5
45.2
40.4
44.6
46.9
53.7
37.3
38.5
44.6
54.8
44.1
42.5
43.8
45.8
52.6
72.4
109.1
113.3
117.8
118.7
116.7
122.2
132.3
129.3
126
124.7
120.4
128
132.7
123.5
123.7
122.4
114.5
125.4
124.1
126.7
128.4
116.6
124.5
128.6
128.4
135.9
128.9
122.6
123.4
131.8
119.9
101.8
95.2
93.7
89.2
77.3
82.5
79.4
92.8
91.3
91.1
95
103.1
100.9
87.1
90.7
108.6
119.9
117.9
140.3
150.9
150.9
101.3
336.6
117.2
113.6
121.4
154.5
107
240.9
128.4
119.7
118.2
153.7
128
140.6
121.2
108.1
159.2
126.7
124.2
158.2
140
125.2
149.5
139.9
154.3
129.1
161.3
83.1
82.9
89.6
64.3
82
111.1
114.8
122.9
50.5
62.4
87.4
64.9
54.9
96.7
178.2
109.9
91.8
84.3
89.6
89.6
132.2
141.6
137.3
85
105.1
78.7
70
104.4
51.9
44.7
96.3
157.6
104.4
70.1
121.8
183.3
231.1
199.3
163.1
171.1
164.4
151.4
151.1
149.7
153.7
146.4
140.3
138.6
141.4
137.5
140.2
136.7
146.1
153.2
135.2
137.2
137.4
145.2
138.2
137.3
134
137
139.9
171.1
178.3
180.1
244.1
186.2
169.7
201.9
162.5
48.1
211.8
178.8
173.8
186.4
181
180.5
200
210.6
259
264.9
262.6
242.1
247.7
248.6
293.6
351.9
242.7
255.2
222.7
193.2
235.4
208.3
190.2
173.4
171
213
297.4
247.7
194.6
209.2
246.3
249.8
253.5
206.3
195.3
197.4
186.4
186
203.5
188.7
203.4
219.1
201.7
211.2
199.1
191.1
193.8
192.7
220.7
196
212.5
217.2
212.1
204.5
205.8
205.9
189.5
199.9
198.7
197.2
203.7
209.4
221.8
209.2
233.1
202
195.9
196.6
209.5
210.2
192.5
211.3
191.5
194.2
199.5
207.8
215.6
208.7
197.8
188.9
194.6
193
193.6
211.3
191.5
198.4
199
194.6
191.3
181.9
199
189.7
183.1
209.4
217.9
207.6
188.6
202.7
205.8
205.9
191.9
201.7
204.7
199.3
189.9
207.1
203.7
201
189.6
204.6
217.7
42.5
245.9
253
266.5
271.1
230.5
229.9
232.5
251.8
252.7
238.3
213.3
246.1
252.9
309.1
288.2
284
320.3
307.6
317.8
305.4
294
306.4
306.8
274.6
263.9
268.1
309.4
309.7
304
295.9
275.3
250.5
251.9
305
305.8
306.8
325.6
313
316.4
317.7
301.6
323.5
310
320.3
310.5
298.3
288.5
317.8
317.1
302.8
311.1
314.5
325.6
306.8
298.9
311.6
274.8
295.1
304.1
328.9
320.5
280.5
271.8
295.8
312
283.9
313.6
285.9
285.6
222.2
262.6
247.1
266.1
288.3
285.7
316.5
330.1
296.8
201.6
275.7
271.1
273.8
319.9
288
321.5
304.9
320.8
301.3
307.3
339.6
3
310.1
302.5
321.4
350.9
346.1
329.8
318.8
337.1
334.8
339.9
12.5
31.3
40.2
16.2
357.3
3.2
21.4
28.3
27.3
18.5
27.3
21.1
21.1
15.6
345
17.9
335.6
12.6
320.9
325.2
290.6
288.9
332.8
278
333
324.2
307.9
302.2
329.2
354.6
351.4
55.7
24.6
15.4
352.1
13.4
332.7
295.2
19.1
32.8
35
31.6
39.3
43.6
19.8
13
30.3
14.8
40.5
28.1
28.4
45.4
7.6
15.5
7.6
46.1
30.2
24.3
16
18.7
2.4
11.2
354.7
338.1
355.3
326.8
323.7
331.3
335.1
326.8
333.8
287.9
339.7
347.8
325.6
338.5
319.8
319.2
310.1
324.1
307.1
315.8
313.5
323.7
315.7
318
292.5
311.7
305
316.2
308.7
321.2
307.8
320.6
324.2
303.9
303.2
314.8
310.8
290.2
307.3
305.3
288.5
297.3
308.9
318.5
319.1
319.6
335.1
334.5
321.9
322.5
317.6
343
340.3
337.8
10.9
339.2
330.8
359.4
323.7
349.4
25.9
20.2
352.6
6.4
357.6
356.3
17.2
10.8
352.8
9.3
7
31.7
29.7
336.8
0.3
37.7
38.6
8.9
48.2
30.7
40.1
38.5
60.5
78.9
49.2
68.7
83.6
76.3
54.1
115.9
74.3
73.9
57.8
79.4
72.8
64.6
74.3
59.5
80.3
79.2
68.2
36.5
85.3
60.6
63.1
58
57.7
33.2
45.1
58.4
76
62.6
86.4
68.1
59.4
70
60.7
47
50.6
70.7
67.8
83.9
77.4
81.7
79.8
88.8
57.6
46.9
41.5
37.2
36.8
39.8
39.9
38.9
35.8
31.9
33.7
32.3
28.1
28.1
24.7
27
22.3
321.6
2.5
351.8
335
0.8
74.9
332.8
31.8
55.3
28
25.1
21.9
30.7
31
45.5
30.8
33.9
40.3
37.4
41.1
40.8
34.7
34.8
31.7
48.7
47
71.8
32.1
50
45
44.8
37.9
308.4
36.7
24.6
74.4
186.7
271.9
105.5
116.7
46.9
38.1
36.2
27.7
30.7
35.3
40.9
35.6
33.2
50.1
34.7
27.8
34.6
44.1
34.9
28.5
33.6
35
35.3
30.2
40.8
30.9
32.3
36.2
32.3
29.1
38.8
36.5
32.7
33.4
27.2
24
25.3
32
41
68.4
49.1
44.6
45.2
39.6
48.9
48.5
52.8
45
53.5
43.8
44.9
47.6
36.9
38.7
41
27
38.8
47.3
48.2
40.5
32.5
43.5
44.5
46.6
36.8
35.3
39.7
41.5
41.2
32.8
41.2
39
37.1
33.2
37.1
39.4
37.5
33
33.3
27
34.9
39.1
16.2
335.6
25.7
29
4.2
33.7
24.7
53
34.1
38.5
20.2
339.7
353.3
323.6
11.2
20.9
4.1
16.5
18.6
34.6
1.6
40.5
4.3
351
6.2
27.9
15.2
340.7
1.2
356
337
311.5
337.8
333.5
352.5
349.2
0.3
324.5
344.7
359.5
339.9
331.9
326.9
358.2
19.9
25.3
44.7
16.1
351.7
7.1
16.3
321.4
22.5
7.9
18.7
359.1
23.9
72.8
355.1
1.8
344.8
3.5
340.5
327.5
37.8
357.6
17.9
300.3
336.7
349.6
315.5
331.1
7.3
5.8
1.3
335.3
339.9
326.8
345.4
335.6
342.3
347.6
355.6
2.6
350.6
14.3
300.2
282.6
346.2
21.4
20.4
339.9
312
148.7
116.7
126.8
297.7
322
79
47.8
48.7
38.3
24.7
33
44.6
35.8
57.6
65.6
71.8
62.9
70.6
56.1
54.6
59.5
43.2
53.5
48.7
45.4
43.9
44.8
46.3
44.8
44.9
51.3
72.5
61
46.1
49.8
51.7
45.7
50.4
50.7
56.7
57.3
35.3
46.8
44.7
41.3
42.3
35.7
38.2
38.2
40.2
38.6
51.4
39.9
42.4
45.4
40.9
41.3
37.7
38.4
33.2
41.3
32.5
24.9
20.6
30.1
33.4
29
30.8
33.5
32.3
28.5
32.7
30
29.9
29.7
28.4
36.4
37.5
31.9
32.3
35.2
29.2
32
30.2
15.9
28.7
29.2
28
30.2
35.7
37.3
32
28.8
37.2
27.5
23.2
29.9
23.8
23.4
24
30.6
12.8
30.9
26.5
38.1
25.9
25.8
26.4
66.5
64.1
16.7
29
25.6
12
30.6
23.6
24.1
6.8
27.8
21.6
23.5
27.2
30.1
42.7
24.1
26.6
22.1
32.9
25.1
36.1
32.1
28.1
29.7
22.4
25
28.6
37.2
34.4
33
47.4
48.3
43.7
42
38.3
39.6
39
42.3
37.3
42.3
47.3
37.1
45.5
42.4
54.3
42.1
48.5
46.5
47
40.8
41.9
44.5
44
42
41.7
47.8
45.5
50.4
46.3
43.7
52.8
42.1
40.5
45.1
37.2
45.2
41.4
37.3
40.2
31.8
38
39.5
30.1
39.1
34.4
21.3
42.4
38.3
37
40.6
44.6
96.3
120.8
114.5
123.7
81.6
87
74.9
76.8
73
59.3
69
54.1
62.2
70.3
66.7
63.7
60.9
57.4
61.2
68.6
54
48.5
39.6
35.2
31.4
30.4
42.4
106.2
39.7
25.6
26.1
32.8
33.2
26
31.1
35.8
30.1
31.2
35.9
26.6
29.1
30
34.6
24.9
44.6
29.4
30.9
23
26.8
17
4.8
336.1
352.2
351.2
347.5
340.2
357.9
339.4
338.7
7.8
346.9
346.8
346
334.7
345.5
349.6
353.4
7.9
335.8
358.3
344.9
343.8
340
346.2
3.8
334.4
349.9
349.3
359.3
330.9
25.7
13.3
16.4
38.4
23.5
25.8
29.5
56
47.1
38.1
41
37.5
54.3
58.2
62.2
45.5
60.8
102.6
67
34.6
22.1
77.1
82.2
49.6
41.7
29.3
21.4
35.8
46
36.6
50.8
341.9
37.9
38.4
50.5
44.3
29.1
55.4
59.8
55.8
46.7
45.9
32.7
54.8
46.2
40.5
24
40.5
42.8
30.2
4.8
61.7
358.5
322.8
319.2
196.7
29.3
28.7
332.4
22.5
350.2
270.3
296.4
286.2
326.1
337.1
14.7
22.9
294.6
349.4
326.5
328.1
350
311.8
333
331.6
282.2
223.4
223.6
227.4
276.1
284.9
280.5
277.2
281.6
258.9
271
292
287
281.9
297.5
299.8
289.2
291.8
295
312.1
296.1
305.2
279.7
288.2
312.2
305.6
317.4
295.3
314.5
310.4
325.1
308.5
308.7
316.5
287.6
302.3
287.1
329.2
345
297.8
248.4
306.7
308.2
304.8
289.3
315.3
293.2
325.5
304.2
319.5
310.3
307.8
350
332.7
312.7
321.9
316.9
282.9
301.8
328
304.9
318.8
324.8
316.3
320.5
305.1
318.2
306.7
188.7
250
297.1
313.4
292
301.4
300.4
280.1
300.8
323.2
196.8
278
289.1
255
281.5
300.1
215.5
200.6
191.9
189.6
206.5
206.7
208.1
186.6
193.5
222.9
224.1
199.7
208
204.8
227.3
284.6
280
236.8
229.5
239.9
239.5
213.3
235.6
209.2
215.7
225.1
155.5
283.9
290.9
259.4
261.5
212.6
195.7
257.7
304.2
244.9
254.9
269.1
292.5
251.1
240.7
193.5
191.3
222.6
212.7
193.7
241.8
265.2
255.6
277.2
214.8
217.6
198.4
198.6
203.4
220.5
224.3
252.9
246.3
228.5
206.6
240.9
235.9
263.6
260.6
265.6
289.8
269
206
230.6
289.9
273.5
291.6
315.3
313.8
307.5
306.3
292.3
280.2
278.8
314.2
313.3
292
305.6
227.3
220.5
266.7
222.7
234.3
235.1
209.1
203.4
199.6
211.8
225.4
209.3
207.7
183.6
200.5
197.7
178.1
187.9
245.9
224.8
200.2
191.1
190.9
201.1
196.4
209.2
191.6
188.3
203.4
203.2
189.1
215.3
193.7
186.3
185.6
195.8
210.6
206.7
211.9
204.2
215.6
227
225.9
220.1
202.6
247.1
265.4
251.9
199.8
227.6
237.3
245.2
194.4
211.1
213.3
198.6
290
275.4
216.8
219.8
223.5
238.5
300.1
263.5
321.9
207.8
207.9
236.4
199.1
250
213.8
261.6
243.2
222
282
326.1
255.1
260.8
9.4
22.8
31
6.7
320.6
244.4
230
227.7
300.3
256.1
270.5
228.7
297.3
300.6
238.6
227.4
85.5
210.5
261
196.9
233
273.4
309.2
241.5
234.2
244.1
208.6
310.5
264.1
295.9
109.2
248.6
196.9
224.9
233.2
211.8
288.7
224.1
255.4
170.8
187.5
327
299.9
188.2
238.6
249.7
224.1
295
252.6
297.3
294.8
303.7
283.1
266.6
196.8
326.1
318.3
184.2
266.5
275.7
280.3
324.2
323.4
304.7
276.3
295.8
272.5
272.1
203.6
218.2
305
301.8
255.1
181.4
170.2
168.5
175.2
174.1
181.9
188.6
177.5
178.6
177.6
178.4
177.8
169.2
167.6
165.3
180.8
181
184
166.8
184.6
199.7
197.1
209.9
183.4
196
192.8
201.3
206.9
206
187.3
204.7
213.9
198.6
236.4
192.2
256.8
216.4
205.2
202.3
197.4
207.4
198
229.6
181.6
187
205.6
195.4
219
241.3
201.9
245
255.8
218.5
199
201.8
199.8
201
192.7
234.3
205.9
240.4
212
238
204.8
202.4
190.2
223.7
218.8
205.4
224.9
239.5
201.5
205.2
191.5
244.8
187.7
189.3
229.8
260
254.2
205.9
243.1
275.2
224.4
290.1
277.1
210.3
216.2
201.4
213.1
226.8
231.6
301.7
274.2
212.1
193.9
236.1
269
213
204.2
200.7
196.4
188.2
190.9
199.4
198.4
251.8
215.1
197.2
218.2
196.7
205.9
222.2
211.7
192.3
218.5
238.8
235
214.3
239.5
252.9
285.2
306
311
325.7
288.7
305.1
318
327.5
320
334.1
317.1
271.8
251.7
283.3
297.1
320.5
313.9
300.9
298.7
311
321.3
322.8
326.8
323.1
329.4
329
328.1
336.8
331.1
340.5
328.3
331.6
336.5
340.8
329.2
329
328.7
327.9
313.3
328.7
332.7
319.8
302.8
294.5
316
328.7
236.8
212
230.5
197.3
210.3
193.7
224.1
217.9
283.3
303.9
317.7
307.8
276.2
255.9
309
314.5
325.6
273.6
264.1
295.8
292.8
302.9
270
306.1
294.9
302.2
323
329
286.7
323.7
14.3
312.5
328.7
250.8
263.6
274
244.6
173.4
354.2
47.2
341.5
350.9
20.7
8
16.1
40.5
59.8
63
50.3
45.6
72.1
48.4
62.1
94.3
128
163.5
116.1
111.5
120.5
120.8
128.1
131.5
108.6
127.3
119.3
59.2
158.1
59.4
155.4
98.6
86.9
42
139.8
170.4
107.7
99.4
173.8
304.8
168.5
151.3
142.1
140.2
104.3
73.7
118.6
150
139.5
137.4
101.4
100.6
154.9
145
138.4
139.2
99.8
112.8
119.1
108.8
105.4
111.3
109.5
106.9
125.2
114.8
116.1
92.5
106.8
82.8
114.6
85.5
109.4
104.6
98.2
104.5
122.7
121.8
124.7
116.7
142.7
125.9
138.5
135.3
132.4
146.6
140.1
138.2
153.9
144
136.4
137.4
130.1
126.1
138.9
148.8
130
133.5
148.3
144.2
149.5
126.3
131.8
122.6
133.3
131
126.2
123.6
125.1
124.6
111.1
118.5
119.2
126.8
123.7
113.1
125.4
130.6
140.4
128.1
134
126.8
126.1
119.4
129.8
123.7
135.8
141.2
146.3
130.4
150.1
214.3
107.2
4.2
58
125.1
50.4
55.4
337.3
91.7
134.1
143.7
302.8
103.2
81.1
47.4
57.5
340.2
194.3
92.7
106.6
111.8
141.2
93.9
142.5
181.5
139.6
172.6
94
141.6
148.6
154.6
112.9
138.2
198.4
185.9
90.8
110.6
117.3
124.6
83.5
197.1
131.7
192.7
175.3
181.5
183.7
135.8
167.5
167.4
140
152.1
144.6
163.7
155.7
185.8
157.8
163.1
147.4
156.1
157.6
150.1
146.6
164.6
156.8
192.3
182.6
215.4
185.2
156
153.6
175.2
164.9
171
179.5
191.1
185.7
193.6
220.9
153.5
185.2
170.2
171.6
177.6
188.7
180.3
173.1
170.6
171.7
182.5
170.5
176.8
172.3
168.4
174.2
171.4
165
334.1
337.2
357.5
30.8
45.6
38.8
46.9
213.5
33.4
38.6
41.9
43.1
27.9
28.1
14.8
330
325.2
327.3
309.4
317.4
280.8
308.5
328.2
330
333.7
333.6
337
328
309.9
288.3
280.2
285.5
270.9
292.3
283.6
254.5
205.1
230.6
254.2
270.7
260.7
171.4
174.6
201.2
272.9
301.8
312.7
309.8
301.1
268.9
287.6
299.2
266.2
263.8
325.7
283.6
250.5
273.4
291
199.4
225.6
224.1
186.6
303.5
220.2
247.8
289.6
257.1
285.2
270.6
239.8
234.7
252.3
236.9
207.5
183.6
238.8
223.6
252.2
230.7
228.7
202.9
237.7
239.5
286.7
265.4
235.1
256.6
299.4
299.4
226.9
239.5
225.5
281.1
320.7
236.5
238.5
310.2
224.4
265.8
236.2
205.5
208.2
177.6
210.7
213.2
263.2
298.9
311.5
316.2
323
286.3
284.4
305.9
290.1
298.5
324.3
325.8
333
320.6
313.8
301.1
323.3
328.1
320
300.2
313.1
275.2
286.2
293.3
300.6
272.3
260.8
304.6
316.8
285.2
255.5
286.9
284
264.5
323.8
322.7
330.3
331
332.8
327.1
321.3
330.6
317.3
327.6
333.9
334.2
320.3
314.6
333.3
321.2
328.4
333.3
322.3
316.1
337.3
147.7
310.5
174.2
11.7
326.3
312.2
41.3
331.7
327.7
276.5
347.6
143.5
14.3
43.4
256.5
146.7
175.2
35
322.4
24.5
249.8
35.5
74.3
241.3
29.7
93.8
104.9
39
355.7
15.3
34.8
56.7
48.1
42.7
46.7
45.7
57.1
8.5
47.7
328
53.4
15.1
60.4
40.7
4.9
22.8
79.3
30.3
27.3
23.6
7
63.6
46.6
47.9
32
41.8
28.1
26.5
265.9
295.8
59.3
330.4
308.6
347.6
350.2
39.9
29.4
49
324.9
303.8
321.5
314.7
338
35.7
72.7
264.2
49.1
328.4
354.6
37.7
2.2
272.3
18.2
18.4
32.6
26.4
5.8
289.9
280.2
185.4
213.8
190
172.8
262.1
307.5
207.8
256.8
274.7
32.1
29.6
31.9
42.3
42.7
44.9
69.1
78.9
67
52.3
53.1
62
52.6
100
142.9
140.3
157.6
149.7
175
180.6
181.2
187.6
187.4
188
191.6
204.2
191.3
193.3
187.5
191.1
198.5
186
182.8
177.3
181
178.6
181.2
184.7
187.4
181.9
183
182.5
184.2
188.7
187.1
196.8
198
199.9
191.1
197.1
190.5
180.3
179
178.8
180.9
180.3
178.4
177
178.4
184.3
185.4
183.9
190.6
189.8
197.4
190.1
183.2
181.3
191.3
187.2
169.4
170.3
177.8
181.1
152.7
171.2
184.7
172
88.9
172.6
172.1
175.1
154.4
171.4
166.6
163.2
149.5
159.8
174.3
164.5
173.6
185.1
195.1
185.9
176.4
182.7
165.7
184.7
188
175.9
123.3
170.3
194.3
179.8
172.9
170.3
186.7
208.5
178.6
222
160.3
186.3
189.7
176.2
186.4
173.4
172
175.6
187.4
177.4
178.6
210.6
190.1
110.1
179
170.5
182.1
191.3
192.2
169.5
175.9
183.4
150.9
160.7
193.9
163.7
202.1
172.3
175.3
201
183.5
186.4
166
155.6
156.8
139.3
146.9
137.8
141.7
141.1
138.9
138.8
140.7
143.4
147.1
145
161.1
157.2
147.3
170.1
177.7
164.6
164.3
167.3
165.3
159.5
156.8
158.7
152.6
153.3
143
136.7
151.5
155.1
146.8
146.9
161.5
147.4
162.9
129.1
195.6
189.1
178
181.1
174
163.5
174.7
166.4
177.1
172.7
168.9
181.1
166.3
175.1
177.7
164.9
157.7
157.1
160
157.2
159.5
154.6
157.1
149.5
168.3
145
179
166.8
183.4
166.5
167.3
189.6
173.2
173.5
180.3
165
181.2
164.5
185.2
178.2
175.6
169.6
203.9
182.1
237
235.6
224.4
223
214.5
199.6
167.2
261.3
186.5
220.7
205.9
197.6
213
185.1
242.8
206.8
226.5
192.2
191
218.5
208.3
178
196.9
182.8
181.3
183.8
186.5
165
149
183.6
196.6
190.9
185.7
209.6
179.3
196.4
156.9
174.1
183.6
177.9
203.2
191.1
169
180.4
174.9
226.1
192
198.6
191.3
194.7
192
172
194.2
186.2
193.9
203.3
176.9
191.5
147.1
162.8
137
137.9
137.6
134
133.6
138
141.2
143.3
140.7
140.2
143.8
142.8
148.4
167.7
150.8
153.4
159
147
164.5
163.9
167
171.2
188.2
183.7
187
189.9
202.3
195
197.3
206.6
210.3
205.7
191.5
186.1
183.4
181.2
181.6
179.3
181.8
186.1
200.7
229.6
194.8
202.8
192.7
202.8
234.3
233.9
262
246.5
238.8
249.8
266.3
263.4
258
261.5
264.6
252.5
258.8
265.7
260.8
302.4
279.7
276.9
248.8
238.4
232.6
221.4
212.9
314.1
226
258.8
219.4
228.7
250.5
242.1
232.2
233.7
246.5
265.5
284.8
162.9
115.1
53.1
7.3
225.3
210.2
221.3
234.1
260.5
240
242.8
57.8
143.5
217.4
226.3
267.6
317.5
323.1
223.3
11.3
199.7
217.8
267.8
218.3
199.1
203.2
196.9
241.6
238.4
235.6
203.4
197.6
270.9
263.1
271.7
258.2
306.9
249.7
266.6
251.6
261.9
271.9
251
246.5
281.4
242.5
194.3
301.7
299.7
259.2
123.9
203.5
16.5
18.9
44.8
44.2
75.2
126.1
155.5
139.6
114.7
129.8
137.8
113.3
137
148.2
138.9
151.9
138.1
167
136.4
154.6
169
183.6
253.2
251.8
242.5
212
251.4
233.1
217.7
215.9
206.9
201.2
223.9
192
183.9
186.8
187.7
181.1
177
180.3
176.5
180.5
182.9
196.2
196.4
196.4
205.5
210.3
224.1
235.9
256.9
290.5
271.8
256.6
289
261.9
244.9
271.3
281.6
240.9
297.2
237.9
233.5
290.7
250.3
231.8
219.7
184.5
247.9
254.2
199.4
226.6
237.3
265
267.1
140.2
239.9
267.8
221.1
296
233.3
314.8
261.9
253.4
283
253.6
248.8
302.8
297.5
273.4
254.4
268.3
266.6
241.5
228.7
232.6
278.1
266.6
272.6
267.6
284.5
265.3
274.7
316.7
228.1
267.8
278.5
287.7
267.7
259.2
258.2
282.5
275.7
277.8
312
230.9
282.1
313.7
244.9
218.9
225.1
234.5
260.4
265.3
249.5
237.7
272.8
256.5
243.6
290.5
173.8
269.5
246.8
259.1
271.7
239.4
274.7
212.9
281.4
256
197.9
252.9
88
297.5
228.9
260.3
288.8
254.8
276.4
30.5
297.6
223.8
322.3
269.5
278.7
232.8
246.2
251.5
264.7
266.5
283.5
264.4
277.7
275.6
252.7
277.2
279.9
297.6
279.1
267.1
273.6
283.2
295.7
287.7
270.7
326.8
311.3
283.9
229.5
252.3
256.8
231.9
219.8
261
222.4
248.6
197.2
231.2
238.4
286.1
207.2
207.2
206.1
209.9
230.7
229.4
200.3
207.9
224.2
210.9
223.3
194
203.9
195.3
228.6
208
208.5
192
190.8
223
237.6
205.9
218.3
200.4
223.1
200.8
209.1
246.5
234.6
291.4
292.6
263.5
261.4
266.7
252.1
285.6
227.6
248
272
257.5
248.2
280.1
245.5
276.2
272.1
285.4
240.1
259.7
268
249.8
243.4
251.1
257.1
244.5
232.6
201.7
197.4
231
243.2
233.1
225
167.3
259.7
233.7
212.2
223.3
241.4
201.6
87.2
212.6
222.7
210
211.2
208.8
228.5
210.8
196.5
219
258.2
206.9
245.3
178
222
231.9
192.1
201.4
212.6
186.9
195.6
192.8
203.9
295.4
255.1
287.6
183.5
220.9
200.5
206.3
201.6
205.4
190.8
185.9
193.8
217.7
211.6
204.4
194.9
197.3
183.8
218.3
232.4
217.1
259.6
221.6
201.7
207.7
203.6
189.5
216.8
208.8
209.6
204.2
234.6
188.6
218.3
200.9
216.3
201.5
215.6
256.6
222.5
209.1
283.4
235.4
238
240.7
266.1
206.7
195.2
286.5
236.2
257.5
299.2
214.5
231.7
271.9
194.2
256.9
224
235.3
228.9
269.7
221.3
189.6
203.7
193.9
214.2
213.4
222
213.5
231.9
192.2
179.2
194.7
233
226.6
321.6
165.1
212
234.5
217.5
187.2
233.1
202.1
194.1
202.6
221.6
246.3
259.2
204
217.3
187.3
172.8
223.1
204.9
229.2
213.9
241.7
190.2
209.5
252.4
232.5
203.4
223.7
198.5
217.4
241
227.8
189
173.7
164
295.4
198.6
9.8
279.5
203.6
222.1
213
229.1
216.8
235
318.9
344
274.4
251.3
215.7
228.9
222
184.9
223.6
210
183.1
226.8
247.6
268.9
227.6
263.6
203.4
282.9
251.8
205.7
195.3
302.4
295.9
216.4
198.5
204.9
268.6
270.6
277.3
257.6
283.1
307.7
289.9
327.9
307.3
223.5
276.7
200.6
192.1
214.2
188.9
194
194.5
171.2
212.8
334
269.2
222.2
179.5
174.7
324.7
331.4
306.4
201.7
263.3
280.3
289.9
319.5
334.4
336.9
352.2
17.9
21
30.5
40.4
52.2
31.3
44.7
30
23.1
25.5
28.3
36.7
343.8
329.1
193.7
175.4
167.7
197.1
201.1
197.4
193.8
181.3
191.2
186.4
176
181.5
178
184.7
187.8
184.5
175.3
173.7
181.3
184
180.1
193.3
180.4
189.5
180
185.3
177.2
183.7
185.3
151.1
170.6
169.1
164.9
183.2
186.5
146.6
162.9
150.5
146.9
153.9
153.5
161.6
148.7
169.7
157.9
146.5
154.2
168
168.2
131.3
164.9
139.4
179.9
210.8
183.6
274.2
179.8
190.1
181.8
185.9
197.5
209.6
217.1
195
213.3
179.4
185.7
187.5
178
187.8
181.2
176.7
183.9
199.2
178.2
179.6
358.4
179.8
264.4
145.7
201.8
196.5
134.1
188.3
161.6
154.7
184.1
187.6
162.1
215.9
164.8
153.3
180
207.2
209.6
171
182.2
152.2
192.7
200.6
233.2
146.1
191.7
155.6
163
173.3
178.1
180.8
184.3
189.3
160.5
150.1
149.9
147.7
140.6
140.7
150
139.7
136.2
146.2
150.3
136.5
150.6
150.3
144.9
153.2
170.5
164.8
161
175
165.5
166.2
168.7
198.8
172.3
192.9
179.2
180.2
195.4
184.7
172.7
176.1
184.9
193
185
208.3
186.9
169.3
190.3
189.5
166.6
193
185.4
192.1
196.1
192.5
167.2
177.3
187.8
199.8
209.4
194
190.6
192.4
211
197.4
205.6
198.3
199
191.4
178.6
197.1
191.9
181.6
182.9
196.6
190
181.1
179.2
173.3
192
192.5
185.3
188.3
183.3
175.8
200.1
182.4
157.8
164.2
202.8
157.3
186.9
189.1
188.1
186.7
174.9
208.9
181.1
203.9
198.4
173.7
169
144.4
163.7
196.1
188.3
174.6
202.9
142
157.3
145
150.8
162.1
141.4
131.7
146.9
187.3
183.3
194.9
192.2
202.4
162.5
118.5
196.1
157.7
211.8
205.5
202
195.1
221.7
209.6
167.9
157.4
140.8
115.7
48.2
60.5
184.9
195.5
150.9
177.6
148.5
144.1
137.1
134.2
143.6
158.8
160.9
180.9
182.3
183.2
187.8
209.4
231.1
213.3
210.1
238.2
199.5
182.2
230
301.6
296.5
293.4
265.9
238.3
236.5
234
239.7
258.7
256.5
271.8
312
303
198.7
199
189.7
201.7
169.6
170.4
196.2
195.4
201.2
201.5
197.6
206.1
204
238.9
234.2
229.8
218.1
195.3
217.6
228.3
224.6
227.3
225.9
258.7
200
217.8
215.4
262.7
248.1
216
211.6
220.8
251.1
76.8
210.4
205.5
204.7
197
267.1
237.8
259.6
271.6
261.9
190.5
243.4
278.2
287.9
262.2
294.6
235.8
247.8
281.8
271.4
228.2
157.5
276.2
273.7
243.1
276.3
274.8
297.5
202.2
225.8
231.4
219.8
302.3
313.5
295.5
258.3
285
271
193
246.8
238.6
226.9
258.9
195.5
254.2
176.8
222
232.2
195.7
222.9
208.7
177.6
216.1
216.4
209.3
207.6
203.1
195.6
225.5
172.2
185.4
192.5
209.4
195.2
185.7
194.4
192.4
181.6
189
203.9
203
207.9
207.4
195
225.3
192.6
213.4
204.4
181.5
211.7
200.3
193.3
215.1
202.4
193.6
209.6
200.8
201
196.7
199.9
195.9
199.3
200.6
207.5
187
220
199.4
213.5
202.7
202.8
189.6
203.7
194.2
177.3
188.7
198.4
190.8
196.6
207.7
200.1
208.4
198.6
219.7
198.4
197.7
192.1
181.6
197.5
199.2
226.7
204.5
181.2
182.5
189.9
249.2
220.7
269.2
268.6
261.5
267.1
252.1
222.1
244.2
242.6
248.3
267.5
203.6
222.9
295.1
281.4
263.9
259.7
266
318.2
276.3
254.8
225.5
262.8
221.6
246
260.7
291.1
229.2
292.4
308.6
323.9
323.6
308.9
317.4
297.1
297.6
307
306
285.6
277.4
308.6
275.9
259.2
293.3
301.3
328
311.5
308.4
319.9
340.4
324.9
338.9
293.1
324.2
310.8
320.2
300.8
267.9
184.5
234.8
224.3
220.8
240.3
222.5
205.8
260.9
222.4
253.4
316.1
248.2
249.4
304.9
315.8
337.5
284.8
273.2
230.5
271.8
211.5
296.2
303.1
268.2
301.5
304.7
229.3
301.1
256.4
354.8
344.2
343
303.2
306.4
241.2
299
288.6
287.3
240
304
308.4
285
292
287.1
316
315.8
294.2
290.1
293.2
314.7
322.7
325
307.8
308
290.2
321.8
311.6
287.6
220.2
273.8
261.6
225.7
307
309.8
303.9
297.7
302.8
304.5
301.5
302.8
300.3
259.2
309.7
310
324.8
327.2
323.4
322.8
314.8
290.5
300.4
321.5
322.5
316.3
322.5
322.1
321.9
315.4
284.2
315.2
330.1
292.8
288.3
303.8
296.1
328.4
308.9
323.1
18.8
324.2
309.8
327.2
324.4
330.4
316.6
30.1
14.5
319.7
340.5
17.9
326.3
2.6
47.5
34.7
41.9
122.4
348
313.3
358
22.5
352.5
40.5
33.3
72.6
9.2
337.6
45.8
27.3
51.4
24.3
34.2
34.5
24.9
49.6
50.7
52.3
41.2
46.4
53.1
38.4
51.8
53.8
69.2
62.9
61.3
41.3
42
69.3
45.2
54.4
52.6
65
94.3
153.5
108.8
139.9
135.6
135
123
93.9
46.1
49.9
68.4
107
111.5
111.7
172.5
147.6
152.9
135.2
133.9
225.8
167.1
131.9
152.3
142.3
136.5
127
161
148.5
149.7
143.3
142
138.6
176
139.7
157.3
202.4
89.7
89.2
95
113.9
124.4
117.6
122.9
96.1
131.6
105.6
119.4
115.5
125.5
113.2
131
132.2
133.8
124.7
138.3
149.5
150.4
146
147.8
140.8
150
145.5
128.9
133.9
137.2
150.5
147.6
120.9
144.1
144.8
139.1
155.3
155.7
145.9
143.2
142.2
142.1
147.1
150.1
147.8
143
135.9
141.8
150.3
145.6
155.4
160.9
149.9
145.7
142.6
159.8
163.1
148.4
154.9
133.6
150.6
143.6
147.3
150.3
163.7
133.7
143.7
138.4
155.7
131.8
146.8
148.4
141.7
131.7
141.9
170.1
154.7
152.5
143.4
167
171.4
148
159.1
175.8
142
150.6
153
149.8
140.4
150.1
146.9
149
150.7
148.5
167.3
162.3
187.6
172.1
171.5
153
173.3
157.6
192.4
132.5
153.5
153.2
144.7
94
186.8
135.3
162.1
125
66.3
114.2
77.5
119.5
108.9
110.4
73
203.1
166.3
124.1
180.4
148
314.2
117
163.2
128.7
162.1
179.7
139.4
128.1
122.2
104
111.2
101.4
99.1
122.6
112.9
138.4
121.5
130.7
75.7
86.8
129.8
146.1
147.7
156.3
156.5
161
160.9
149.6
171.3
204.4
152.2
124
144.9
148.2
136.9
128.6
144
144.4
170.4
156.7
137.3
144.8
142.8
151.8
149.7
135.1
136.6
162.1
161.3
148.4
162.4
154.6
141.8
155.6
161.9
154.7
161.5
154.3
179.5
155.4
138.2
155.7
151
158.1
175.7
152.9
147.8
162.9
140.4
150.8
151.1
141.2
118.2
130.8
130
136.3
131.1
149.2
129.5
109.9
131.5
169.9
115.8
127.8
144.1
179.2
145.6
139
155.5
87.5
99.7
104.3
123.6
102.6
141.7
78.3
119.1
135.2
119.8
121.1
138.3
134.5
104.6
117.2
146.1
115.7
94.6
137.2
88.1
147.3
106.6
122.8
65.2
98.3
82.4
99.6
55
47.3
87.3
63.2
49.5
57.4
62.6
102.7
97
88.3
111.3
71.3
80.5
89
80.9
66.2
52.1
92.3
31.7
49.2
82.8
37.3
64.6
48.9
45.6
52.6
44.7
51.7
43.1
40.4
47.2
41
44
43.2
36.9
52.3
71.3
54.9
85.6
68.7
92.2
87.5
49.2
36.9
38.5
38.2
51.4
47.8
57.1
36.7
37.1
42.3
60.1
67.4
62.6
68.7
74.6
70.7
78.9
84.9
89.4
226.6
53.6
63.2
37.1
58.6
41.6
26.8
27.6
36.2
37.2
25.1
25.8
10.8
30.1
35.4
9
335.3
327.1
330.5
326
321.9
315.1
299.4
290.4
305.4
324.7
306.9
299.5
182.2
157
287.3
325.8
321.8
266.8
315.6
312.9
349.2
331.3
334.2
346.2
64
32.8
56
101.1
27
28.1
343
358.5
322
298.2
8.1
230.3
269.1
232.6
181.9
193.8
244.2
275.1
230.4
258.4
223.5
286.8
302.2
195.7
206.9
213
284.5
307.1
293.2
289.3
331.1
255.6
236.5
241.6
199.6
349.7
241.8
224.1
223.2
315.9
248.8
253
294.6
265
280
281.9
271.1
251.7
261.4
262.5
272.3
258.2
267.8
287.6
283.8
267.4
260.6
257.2
285.6
218.5
236.3
202.7
231.9
220.6
356.5
267.2
240
228.3
220.7
212.3
222.9
199.2
219.3
232.7
197.7
205.3
233.4
198.8
203.5
201.9
208.2
214.5
245.1
234.6
213.9
213.9
210.1
223.1
204.9
216.2
215.6
176.2
231.5
206.1
243.7
261.7
241.3
211.1
324.8
263.6
189.2
212.8
194.1
218.3
231.6
204.9
207.2
220.4
207.2
281.5
295.2
264.7
258.1
289.7
314.3
293.3
276.1
263.6
226.2
286.6
273.4
301.9
264.8
277.1
273.2
194.3
209.6
230.6
227.1
239.6
262.9
256.6
245.5
252.9
249.8
258
225.7
251.5
222.3
224.4
241.2
278.1
285.7
232.8
210.3
225.2
243.4
265.4
243.9
207.1
269.2
222.2
201.4
199.3
183.3
168.7
178.8
176.9
179.3
183.8
179.1
173.1
165
172.6
175.9
181.6
184.8
180.4
200.6
200.9
232.7
191.2
206.2
199.8
210.6
216.1
246
266.9
243.8
254.6
253
252.6
253.1
261.6
263.4
267.1
243.5
242.4
229.7
266
226.1
233.8
223.7
256.1
259.9
246.7
230.6
224.1
243
215.7
253.6
206.4
185.8
198.3
203.8
207
158.6
213.2
204.3
206.9
223.6
202
199.8
220.1
190.1
221.8
220.4
219
182
201.8
192.2
206.9
237.5
218.1
198.2
215.6
211.2
138.6
190.4
201.1
192.2
173.3
199.8
188.2
196.5
193.7
233.5
253.9
215.8
214.6
226.7
189.1
242
255.1
277.7
323.3
301.7
277.9
333.6
343.8
298.4
256.6
272.6
280.1
263.1
251.9
259
268.9
283.5
274.1
276.4
257.2
266.3
297.4
258.2
245
261.4
297
296.1
259.6
261.2
290.8
278.4
208.7
285.5
260
270.2
279.5
263.8
299
294.5
262.8
275.1
261.2
262
292
274.7
229.7
247.1
262.4
274
254.6
252.5
258.8
275.8
273.5
295.1
274.3
285.8
293.4
286.5
293
280
271.8
270.8
256.9
294.3
260
276.8
279.6
240.5
261.4
245.5
268.7
264.8
288.7
286.2
270.3
290.6
267.9
253
280.7
265
300.3
249.1
322.4
271.8
272.7
259.4
242.3
268.7
237.1
250.2
286.6
211
253.2
261
219.2
258.4
284.1
225.5
226.9
233.3
243.1
216.8
234.5
241.4
204.9
249.3
241.2
222.5
214.3
234.6
241.6
229.6
264.1
243.6
213.9
217.3
186.2
240.8
233.7
189.8
238.9
193.9
223.9
235.5
213.7
210.3
213.3
237.6
234.1
223
225.7
204.2
203.4
216.2
201.2
195.7
209.6
199.8
191.8
199.3
189.2
201.2
200
188.1
214.1
187.6
213.1
206.9
207
207.2
197.3
196
201.3
214.5
202.2
259.3
241.9
273.4
240.1
285.2
251.1
252.6
237.3
260.6
235.4
219.3
220.4
223.6
221.1
226.3
200.8
203
234.4
233.1
236.5
207.8
222
238.2
206.1
185.1
