267.74
267.69
269.5
281.16
268.2
262.65
267.97
273.81
266.57
243.48
230.65
251.35
238.66
240.65
244.15
240.16
237.22
224.69
205.09
208.76
213.84
215.88
204.98
201.06
187.26
177.74
183.42
178.22
187.26
191.98
197.94
205.31
212.67
227.01
232.02
237.39
241.24
240.93
241.11
241.13
240.45
240.9
239.2
242
240.06
241.12
242.73
245.86
240.8
243.05
240.12
243.69
243.43
244.93
241.43
240.88
241.25
243.3
237.48
240.19
238.36
241.68
247.16
235.48
238.7
233.07
225.98
229.66
234.13
241.94
243.42
241.64
236.82
235.92
223.35
228.79
242.16
256.75
250.64
250.95
252.81
257.66
256.47
258.45
259.15
260.85
285.94
277.46
273.11
265
261.12
264.03
250.49
251.95
251.07
249.14
246.38
237.99
244.4
248.85
251.29
250.9
246.63
246.22
270.39
270.49
277.34
277.38
271.09
268.49
265.51
250.49
260.48
261.37
262.4
250.87
247.04
234.04
238.23
235.14
232.73
231.6
236.8
234.13
233.68
237.77
237.79
233.51
228.14
235.06
241.6
242.35
244
247.04
251.22
247.99
253.88
251.13
254.14
259.42
268.02
268.45
254.62
260.72
265.04
267.4
260.8
260.22
262.77
264.12
265.48
266.35
265.67
264.9
266.49
267.19
265.49
267.79
272.48
275.09
272.67
270.33
270.79
268.72
266.58
264.97
258.49
260.42
261.86
266.41
267.58
267.3
266.99
265.17
265.09
264.81
266.57
270.09
266.27
263.25
262.58
260.29
271.15
265.54
266.32
264.85
262.04
258.41
264.33
260.53
262.77
254.79
250.39
253.84
263.02
253.02
258.02
260.07
256.3
261.95
267.37
267.31
258.82
258.57
254.54
258.15
265.47
266.22
266.05
267.07
261.07
255.51
253.68
255.42
259.1
260.61
264.55
270.78
269.64
270.39
272.68
272.36
266.39
260.66
255.82
258.74
263.95
263.22
264.45
268.5
276.02
267.82
267.71
268.39
275.69
275.06
277.74
286.18
293.8
295.44
287.96
281.77
278.26
286.67
290.27
287.7
282.63
284.91
284.56
286.09
281.58
281.01
283.28
280.95
281.24
283.28
284.82
279.47
282.65
281.2
284.1
282.7
290.03
282.33
272.38
273.45
273.44
268.17
264.16
266.07
266.49
266.51
258.55
265.84
267.63
266.26
263.08
262
256.09
254.16
253.73
256.01
255.43
256.6
255.48
257.02
254.67
259.49
259.95
259.56
259.96
262.27
262.3
260.33
262.4
259.46
260.13
264.74
264.7
259.07
258.98
257.35
262.49
261.98
257.35
254.39
254.05
254.11
251.4
251.95
249.52
252.85
253.32
255.47
257.04
257.24
254.54
247.59
248.32
248.8
243.29
243.72
244.29
244.67
244.25
244.19
243.32
245.28
241.86
245.19
241.58
243.6
248.01
250.7
250.12
254.25
252.11
253.77
249.69
250.57
248.45
261.78
263.36
258.94
257.6
261.02
259.25
257.29
251.71
251.26
257.59
255.47
258.67
261.43
263.48
257.23
255.21
255.13
260.08
255.84
262.14
264.97
265.51
271.23
265.19
266.35
259.07
263.02
270.39
270.97
273.01
256.82
259.82
263.77
255.54
262.54
271.59
264.34
264.03
264.21
267.44
267.08
259.19
254.12
253.48
261.3
271.42
266.77
266.78
263.83
254.53
256.7
260.36
266.29
264.54
266.31
268.87
263.98
258.12
254.54
258.35
259.24
260.84
253.9
253.15
251.44
250.75
254.35
253.6
252.71
251.89
254.24
248.33
249.23
253.18
251.71
250.67
250.64
251.21
253.42
254.82
260.01
256.92
256.13
254.72
257.75
253.26
254.06
259.83
264.45
266.51
259.78
259.84
256.48
254.62
266.4
269.2
261.26
249.29
250.47
254.11
260.29
263.11
254.07
249.71
251.79
257.06
254.63
253.95
254.26
258.12
261.71
260.3
265.37
265.38
267.94
270.56
275.33
287.28
277.98
268.82
261.73
261.2
255.89
253.06
249.2
257.04
258.6
253.19
252.71
253.65
254.49
259.74
270.67
271.58
277.46
267.11
263.9
256.36
255.53
255.51
266.16
271.24
251.39
243.33
244.54
252.53
253.25
255.91
257.78
250.9
250.83
258.51
292.3
285.74
278.23
302.89
297.84
297.7
292.64
275.41
279.59
279.32
276.62
276.83
271.76
269.99
280.99
264.67
277.83
281.23
273.51
282.97
281.32
271.04
272.42
257.41
240.11
238.22
253.1
246.05
236.89
240.89
244.4
240.24
250.29
254.36
251.67
258
258.85
265.14
260.24
261.74
271.86
274.43
271.56
275.02
273.63
271.11
291.24
281.67
283.22
288.43
287.3
288.91
288.32
290.45
290.4
292.68
282.97
288.71
276.18
278.83
280.48
282.19
286.61
283.91
289.42
284.2
285.16
288.98
285.83
284.75
280.81
276.87
275.32
273.42
272.71
271.28
271.08
268.81
262.9
276.52
272.01
270.22
264.38
255.53
259.69
257.83
261.05
250.5
262.24
280.89
266.88
248.46
247.71
244.42
247.17
236.77
225.58
224.98
231.36
220.72
219.97
217.16
211.42
204.99
206.3
204.87
224.54
221.94
226.33
244.01
235.45
231.88
203.8
191.4
194
200.2
204.67
202.31
198.89
180.73
184.63
172.41
177.4
159.66
169.07
177.14
182.8
175.13
174.41
170.26
167.26
160.04
176.46
181.51
191.35
190.84
186.98
205.48
199.92
200.09
180.98
187.39
198.64
191.6
190.67
188.95
169.53
169.51
173.49
170.69
186.65
201.02
227.23
238.35
243.37
247.03
257.87
278.94
253.24
246.57
254.99
253.61
264.3
267.56
265.8
260.77
264.64
264.66
265.44
269.96
269.36
272.37
273.32
280.43
278.84
292.49
292.02
291
291.41
298.28
297.89
288
276.95
281.12
291.35
287.53
297.43
280.16
290.08
296.02
295.4
295.57
295.64
289.02
282.06
280.71
292.55
292.71
290.06
293.03
293.62
289.76
288.75
285.53
279.35
275.94
283.54
287.84
294.66
302.51
305.29
301.12
295.65
292.01
293.74
297.84
292.81
294.56
301.99
304.51
301.94
308.12
311.95
314.35
315.23
313.46
317.64
325.43
318.36
321.4
322.28
324.89
325.94
322.18
306.43
319.55
319.05
324.35
332.39
335.36
310.69
332.16
341.69
351.62
24.24
35.02
35.33
42.92
29.9
29.75
42.72
130.31
134.4
171.74
191.89
188.99
183.94
181.55
180.19
182.49
162.04
127.61
112.37
113.57
130.24
139.25
140.03
158.6
141.89
131.89
134.5
124.88
122.05
133.63
129.88
118.36
117.98
120.61
130.17
137.96
133.98
117.54
114.26
121.08
118
120.68
125.2
140.13
138.51
134.43
145.38
145.76
148.14
137.79
143.75
142.51
133.4
131.25
120.16
119.71
124.52
124.15
150.12
147.66
148.82
144.08
146.56
149.29
141.53
133.78
138.09
127.6
121.55
146.08
140.56
135.09
133.62
132.57
136.69
112.98
137.72
158.94
154.48
144.35
142.89
126.44
124.23
115.66
112.45
113.38
123.86
119.21
121.8
116.64
118.97
115.87
100.97
89.18
103.57
91.1
82.59
82.21
79.91
84.32
96.53
99.79
101.39
99.68
94.54
93.85
96.54
95.77
94.38
99.03
103.03
96.63
99.18
101.14
93.76
95.94
97.03
86.31
86.14
92.57
91.26
91.74
89.6
87.82
84.74
96.41
98.27
99.42
101.14
104.28
108.04
105.23
96.84
99.56
102.98
102.78
103.31
100.69
101.1
99.73
95
89
81.19
82.84
83.89
83.34
85.82
85.1
87.55
81.73
86.92
84.74
84.27
85.73
83.7
79.72
79.71
81.38
79.13
78.27
81.14
83.44
83.84
85.87
87.89
88.01
86.91
89.6
83.96
81.44
79.53
85.95
81.7
83.98
82.69
113.52
123.14
112.79
98.78
97.34
93.1
95.76
99.49
93.58
95.04
90.21
93
92.65
95.76
94.8
99.4
104.04
103.65
94.53
87.12
91.44
96.18
96.06
94
87.82
87.06
84.99
85.67
84.04
87.87
84.66
84.85
86.43
85.95
82.44
79.93
88.96
90.03
91.94
82.39
71.61
76.7
75.94
84.4
74.61
72.5
69.84
68.58
74.88
72.29
65.3
59.86
60.84
59.09
53.29
58.19
56.42
48.29
47.68
54.01
56.91
53.79
48.73
47.37
45.37
49.85
49.09
47.67
45.98
45.72
40.97
37.8
30.46
28.09
29.49
30.68
34.75
35.26
34.25
32.48
30.08
29.3
27.69
26.49
29.6
26.07
26.88
26.44
28.89
30.13
27.21
23.86
24.15
24.18
26.18
28.98
35.24
34.93
27.88
24.97
22.84
21.13
17.86
16
9.93
17.39
23.78
23.91
19.62
18.05
17.9
20.93
19.78
20.59
17.32
13.31
1.1
14.39
15.89
17.09
16.71
19.85
19.47
20.75
17.63
10.14
358.4
5.8
8.12
9.5
12.75
11.26
15.89
19.47
24.19
24.73
26.16
28.9
29.74
29.97
35.21
35.35
36.15
35.05
37.47
43.67
49.93
51.3
41.9
46.6
45.28
47.21
47.91
61.65
52.75
52.9
54.16
47.95
45.76
41.64
51.21
50.82
54.44
46.42
50.79
46.17
54.54
49.95
50.7
53.29
47.46
48.83
59.38
44.55
30.37
46.56
35.17
40.09
39.84
45.89
43.04
33.05
38.24
39.62
48.92
37.37
33.57
30.85
38.45
33.75
31.5
30.62
34.93
36.96
34
31.17
40.52
33
24.77
25.78
19.23
6.65
16.83
31.22
30.25
19.52
16.76
20.47
18.74
21.61
21.35
20.34
20.66
27.55
33.72
31.06
28.96
18.13
20.2
19.27
25.12
22.27
24.12
23.76
24.91
23.23
24.82
27.48
26.7
32.26
30.7
32.75
40.35
43.56
43.5
43.56
37.29
38.7
43.75
48.4
52.78
55.81
57.62
55.03
52.78
56.41
58.77
63.7
66.03
66.99
66.19
57.31
54.93
55.99
54.75
52.19
50.25
50.09
51.28
48.52
46.17
44.86
45.75
45.07
44.17
42.33
38.65
38.29
31.67
33.31
35.23
41.35
39.39
38.25
40.82
46.48
55.12
50.64
47.13
38.82
43.27
44.15
47.97
52.29
60.55
59.17
64.24
65.75
66.09
60.17
51.93
54.29
65.08
67.78
68.72
64.16
85.96
74.64
61.98
72
78.86
88.41
85.63
81.44
69.32
72.9
82.61
78.07
56.52
35.14
55.51
51.09
43.15
52.83
53.94
53.88
64.87
65.6
66.38
45
44.83
61.54
70.91
44.79
48.3
37.66
63.74
43.26
46.87
49.98
41.27
60.49
42.28
46.25
55.66
43.39
61.08
56.12
45.86
71.22
73.8
67.4
63.41
76.83
77.44
72.06
79.84
72.14
72.27
76.8
73.01
80.69
77.15
74.2
67.27
61.28
60.4
58.73
60.58
69.69
66.89
66.21
62.48
58.7
53.42
58.97
59.96
64.62
65.6
60.89
65.11
67.9
65.41
57.74
61.44
64.11
68.58
81.88
89.41
130.03
147.32
157.11
234.69
236.96
262.8
273.18
272.21
274.2
262.39
261.32
251.8
185.56
170.07
172.53
185.87
207.5
218.55
242.09
244.79
214.29
229.39
246.94
248.2
254.07
247.62
250.43
256.61
267.45
263.13
265.32
267.91
276.35
263.16
257.26
247.06
253.49
268.54
274.31
273.45
270.6
269.76
270.44
272.33
275.44
279.44
280.68
270.44
266.96
272.52
275.69
272.37
270.58
269.47
272.57
270.65
276.71
278.48
278.72
275.66
277.43
277.04
283.72
281.81
282.63
277.01
273.9
283
280.45
295.4
285.25
283.35
282.15
281.61
285.25
281.91
278.99
283.47
280.17
278.94
278.59
277.28
287.53
275.55
275.24
277.08
275.85
282.12
288.23
284.31
270.52
277.23
280.44
281.96
278.24
267.88
273.12
277.63
270.34
273.21
270.81
268.9
275.24
275.12
277.07
279.89
280.84
281.94
274.05
279.7
284.32
282.76
282.99
281.39
277.38
281
282.26
283.54
281.78
281.84
288.76
295.11
290.22
291.9
290.59
291.59
293.67
299.02
293.51
296.21
294.28
292.4
298.7
296.8
304.87
307.2
309.11
310.69
307.29
301.08
303.38
296.99
299.43
300.54
294.25
293.39
296.3
294.25
292.57
292.09
296.49
307.42
305.93
304.74
306.97
305.58
306.68
308.5
307.22
307.93
307.5
308
306.39
307.07
306.87
302.29
301.94
306.26
306.86
302.53
301.02
299.73
300.49
295.47
294.23
296.42
295.7
306.53
307.78
303.53
288.43
291.83
294.73
297.29
292.87
297.82
300.43
288.61
295.04
297.46
293.58
297.37
306.5
310.6
310.6
307.69
303.45
300.55
303.47
309.17
308.13
310.93
311.86
316.05
313.14
326.92
315.7
315.87
318.17
315.45
309.44
315.1
316.69
316.91
321.29
310.23
323.9
320.78
325.71
342.64
336
346.25
336.52
318.58
326.39
345.78
341.67
337.92
328.59
338.58
328.81
336.19
328.53
330.51
326.38
325.86
330.01
321.64
327.14
328.19
318.35
310.94
309.07
306.82
313.31
313.52
314.79
319.85
325.67
344.91
341.38
337.22
339.01
339.82
339.92
340.7
336.82
356.47
344.51
341.36
336.01
332.94
330.51
342.29
345.5
336.47
339.78
339.65
337.34
338.17
336.23
339.92
332.37
332.21
336.59
330.93
335.93
333.82
330.61
329.55
328.4
328.59
327.45
322.82
319.57
317.76
316.03
315.18
316.37
315.73
319.2
316.01
319.25
316.12
316.23
314.83
312.83
308.17
308.66
306.83
307.49
309.64
305.51
305.17
307.4
305.86
304.37
304.88
305.53
306.46
306.99
309.71
306.85
308.74
306.24
305.54
306.29
307.16
306.73
306.76
305.9
307.81
308.18
308.32
310.58
309.48
309.98
311.19
308.48
311.95
315.15
316.62
320.04
320.15
322.27
320.71
320.79
321.16
322.16
328.32
324.25
322.15
325.6
320.39
319.91
318.89
321.27
318.62
323.21
326.84
325.35
332.59
331.67
325.06
323.51
328.29
339.96
345.36
349.39
11.76
30.7
25.54
21.73
32.77
29.31
20.2
14.51
26.61
35.33
26.95
28.18
28.15
30.36
8.37
355.12
353.26
354.17
0.24
16.15
33.24
30.22
28.59
30.69
32.87
38.44
24.45
25.35
26.04
29.41
29.35
41.69
42.76
24.44
30.77
36.89
40.6
41.63
38.05
42.52
48.52
44.51
34.47
26.01
29.28
27.05
25.01
22.55
26.31
25.56
27.01
22.58
15.74
3.91
2.2
8.29
354.16
0.96
1.86
5.65
7.49
353.21
339.15
338.79
345.94
338.72
337.43
336.15
338.44
335.67
332.22
329.57
324.74
330.43
342.11
335.13
337.33
335.41
338.54
343.34
346.6
345.28
352.06
358
23.85
38.95
38.13
51.65
71.34
57.23
52.06
58.06
78.97
82.72
44.45
44.11
37.72
56.97
98.76
104.22
107.72
86.71
89.35
74.5
48.21
48.52
359.4
353.06
330.32
340.05
350.17
343.46
349.89
330.26
329.45
311.56
310.68
316.03
317.67
328.22
340.4
347.12
357.29
6.17
9.64
7.66
2.83
3.56
1.44
8.12
5.07
5.19
358.39
352.83
357.24
358.66
350.83
353.14
357.9
357.08
5.53
5.39
9.49
10.1
9.5
7.97
7.96
14.35
11.05
355.45
11.1
17.14
0.23
7.51
355.01
356.63
4.37
9.46
6.84
6.62
8.33
7.06
13.82
10.18
0.85
3.54
4.54
359.54
359.2
356.1
3.03
2.1
359.68
11.36
1.28
347.19
354.87
351.9
348.96
348.83
2.24
357.96
5.54
356.35
349.36
352.59
359.18
347.88
345.95
345.29
340.29
345.74
336.06
332.24
325.34
333.33
337.22
336.1
334.23
330.94
330.26
330.31
329.29
329.02
330.23
325.37
324.33
321.54
324.58
322.35
320.28
321.12
321.85
323.04
322.45
319.08
318.03
319.38
315.37
316.8
319.57
321.17
318.44
316.77
314.47
319.87
318.82
325.11
322.01
320.02
323.52
328.49
328.71
327.59
327.64
329.67
327.98
326.49
326.06
323.41
322.76
325.57
328.37
323.76
322.34
323.75
323.62
322.92
324.89
323.61
323.77
319.57
320.25
314.08
315.55
316.41
318.98
318.26
320.27
319.9
321.01
317.09
319.83
320.18
319.86
321.22
319
321.07
320.34
323.32
323.09
323.26
328.19
333.67
330.55
336.84
334.59
335.46
342.29
345.49
339.89
345.37
352.98
346.96
349.04
343.89
344.54
352.33
352.13
16.2
34.41
37.61
38.7
38.54
37.13
35.48
32.8
32.48
28.54
27.85
37.85
29.83
27.93
35.03
29.16
27.91
31.77
31.08
38.33
34.09
33.79
30.6
29.89
27.35
31.17
24.86
25.95
27.85
28.22
25.71
27.26
27.3
25.45
29.27
25.02
32.17
34.7
35.2
31.48
28.79
16.31
15.35
7.04
12.13
1.98
1.13
346.28
345.2
344.49
344.71
351.75
347.94
346.66
349.67
352.52
345.94
351.7
4.17
1.69
4.68
358.94
0.38
348.15
346.41
0.52
350.78
349.03
353.39
3.14
351.77
345.98
348.36
359.55
1.9
355.18
353.67
9.1
3.84
0.46
358.8
359.15
350.45
343.9
341.26
339.5
336.21
342.22
343.34
351.68
346.78
353.8
355.08
357.41
345.81
343.7
342.02
343.05
347.82
346.14
346.67
336.18
332.04
338.46
333.22
335.26
334.97
339.74
336.95
339.59
339.27
339.39
344.46
342.19
337.12
339.1
340.41
344.48
344.62
346.29
348.92
352.99
349.45
352.45
355.14
353.45
18.61
17.52
2.52
358.94
3.04
8
3.08
357.59
7.19
12.3
25.34
26.33
20.12
20.51
24.54
27.51
26.81
16.54
10.46
1.96
4.36
7.29
356.67
2.66
1.73
356.97
22.32
30.13
19.25
23.35
29.07
26.93
25.8
26.23
30.31
3.35
1.32
14.49
16.16
8.51
7.23
9.72
2.71
14.23
20.15
5.38
12.82
34.86
33.89
32.74
28.05
19.73
13.5
24.77
27.58
32.06
31.81
34.62
30.03
25.25
24.7
25.81
21.18
22.21
23.46
26.96
24.39
23.34
20.46
22.09
357.36
6.37
3.32
350.71
345.82
347.31
357.39
355.54
6.99
6.6
357.79
355.74
0.87
349.52
335.09
327.31
327.87
325.65
327.73
328.2
342.02
356.41
353.34
353.69
353.11
355.27
1.23
349.42
345.33
343.13
334.59
338.23
322.91
319.68
317.62
317.68
320.07
321.91
317.71
320.95
321.96
320.24
318.73
318.37
318.99
318.34
317.54
320.39
322.09
317.06
316.03
315.44
316.98
319.47
319.32
321.78
321.16
320.43
319.71
320.89
323.41
327.28
326.32
325.49
324.48
324.23
328.72
331.92
335.97
333.56
339.24
342.23
336
350.69
347.13
334.68
330.67
327.45
337.9
352.42
349.7
352.99
350.59
351.88
354.74
339.75
333.99
344.51
347.05
358.97
4
7.38
14.08
7.13
353.52
12.91
22.91
7.87
352.01
19.01
30.99
11.25
359.57
13.22
24.62
18.12
22.86
8.04
15.05
4.53
7.42
25.41
32.32
25.53
22.14
21.27
18.2
28.33
4.03
349.78
333.24
337.83
350.19
345.48
343.65
351.12
341.04
321.14
313.13
308.43
310.86
311.24
310.74
317.92
320.62
318.98
318.26
320.08
314.85
316.98
308.3
304.45
305.66
297.96
306.55
303.37
306.19
307.94
307.67
304.69
303.46
308.2
305.19
304.89
296.36
293.47
295.3
296.21
294.67
295.05
298.78
307.2
306.28
304.43
300.35
296.37
296.01
305.85
304.46
306.89
307.26
306.11
310.12
311.35
311.95
307.97
311.8
311.87
310.9
312.9
310.29
313.09
311.36
314.95
312.47
310.9
316.09
316.77
317
314.77
313.24
306.92
302.1
310.11
302.91
307.52
312.83
312.43
307.12
306.62
316.43
312.2
306.25
305.31
304.26
305.43
313.79
307.58
314.9
314.4
305.61
304.18
313.67
312.37
309.49
304.99
313.82
308.13
306.26
306.56
289.88
285.56
285.82
284.57
277.01
273.04
274.17
278.28
272.09
282.99
274.3
274.71
269.27
270.98
273.66
268.01
269.69
268.4
262.53
271.35
266.72
271.51
279.89
292.18
284.07
290.48
292.24
296.75
308.77
302.07
296.84
300.38
296.39
305.99
297.9
315.48
298.12
301.15
298.89
297.64
305.93
299.98
293.27
288.61
294.52
306.46
308.69
315.19
296.73
294.14
294.12
303.97
298.14
306.32
293.65
290.57
285.56
279.95
287.08
283.87
283.77
288.51
292.1
298.91
297.89
300.99
300.58
301.16
307.87
305.66
306.18
310.11
309.8
302.15
305.66
313.63
310.66
305.53
313.42
310.64
312.56
311.77
311.51
308.99
307.61
299.49
296.46
292.37
291.89
294.07
297.6
296.18
290.69
288.62
294.56
296.18
293
289.49
283.75
285.15
286.31
288.57
288.66
288.47
281.11
278.43
279.68
262.54
262.86
262.27
262.36
271.03
276.84
281.07
290.06
291.37
297.83
291.27
283.62
287.7
286.43
281.6
263.45
257.94
250.48
258.13
259.34
251.13
255.94
255.53
253.36
258.77
267.35
264.48
256.94
264.4
265.93
274
273.81
267.18
270.8
276.74
272.28
273.03
276.64
263.46
270.21
257.71
269.81
267.75
273.05
270.76
263.46
264.99
251.2
268.98
282.07
277.12
272.38
272.65
275.84
280.83
295.1
293.38
277.58
308.09
312.35
301.79
295.09
284.48
297.86
284.64
274.37
272.57
266.66
267.65
264.73
262.78
264.26
262.65
286.91
279.73
273.16
266.79
259.9
261.45
262.9
271.85
297.5
280.76
276.32
275.94
265.35
265.08
272.41
266.99
262.34
266.48
279.03
251.88
256.09
259.27
263.57
283.39
304.34
299.1
298.48
272.24
265.23
264.6
299.71
308.9
306.27
285.03
302.45
314.53
300.33
322.02
314.18
318.37
302.24
288.07
302.28
308.11
317.01
318.37
299.56
302.24
314.82
305.94
300.91
301.23
296
288.98
296.71
298.37
297.65
291.37
280.92
272.82
272.12
265.25
262.3
264.63
264.72
259
259.65
249.37
251.89
250.68
247.65
250.55
254.7
253.69
256.15
255.91
251.24
248.76
252.5
252.62
258.74
258.55
261.81
264.57
272.69
268.93
269
269.91
268.17
267.56
266.77
268.78
268.27
266.8
270.84
271.05
276.66
280.43
276.56
274.93
272.28
274.06
282.44
285.07
284.42
288.97
294.85
290.67
297.89
294.4
284.35
277.44
277.08
277.12
275.08
276.81
275.32
279.42
279.73
276.87
273.52
276.72
265.07
271.57
269.64
273.67
270.63
266.48
273.29
274.43
272.45
278.26
274.54
281.45
277.08
272.03
278.98
274.98
270.44
272.65
267.8
276.65
291.86
294.39
289.26
292.11
288.23
292.25
281.69
277.87
280.45
280.31
274.15
288.08
276.86
285.38
290
291.27
283.8
302.25
305.69
300.44
295.67
290.48
289.33
281.15
285.64
287.31
295.11
287.36
292.76
292.9
297.42
292.37
297.02
289.68
294.67
297.78
307.37
312.73
309.49
304.06
310
310.05
309.08
307.36
307.84
311.95
313.69
314.09
312.24
308.51
307.86
308.45
309.46
308.39
307.82
309.04
311.5
311.44
315.11
314.58
310.76
310.82
312.57
315.16
317.67
315.56
313.37
313.17
314.3
317.59
319.8
317.28
314.71
311.41
315.7
316.11
313.07
316.07
319.41
317.69
315.35
307.34
299.41
293.29
290.57
284.86
290.85
300.56
289.21
289.68
291.49
292.52
301.33
313.97
303.38
300.38
305.9
300.39
300.43
304.67
306.67
306.21
311.31
309.93
314.46
313.12
312.74
309.85
314.21
316.66
317.3
318.2
323.46
303.34
305.46
294.12
301.35
300.28
288.85
314.54
310.29
315.65
320.56
332.85
327.69
312.14
310.53
334.27
346.85
12.57
38.72
35.43
37.38
65.96
78.94
109.68
57.49
63.18
54.51
47.93
54.08
68.73
97.39
103.75
96.55
68.9
47.06
70.46
79.13
79.02
111.67
126.52
75
97.76
116.44
109.78
130.63
131.03
98.54
74.12
342.6
96.95
117.79
122
125.46
102.42
69.77
56.98
62.62
56.04
51.64
49.92
53.82
52.66
51.52
44.29
44.23
45.29
40.64
40.61
40.6
41.29
38.66
40.51
38.87
41.22
42.33
45.76
45.92
47.11
47.68
45.15
46.48
48.58
49.19
52.74
53.94
58.18
59.38
61.84
61.82
62.94
66.03
71.22
67.97
70.75
68.78
65.29
72.6
75.99
82.05
74.87
68.96
69.11
68.78
64.79
61.65
65.83
61.4
57.03
56.39
55.83
59.53
47.32
48.76
49.47
48.4
48.38
49.92
51.41
46.05
51.81
50.66
51.48
53.46
58.84
55.01
56.6
57.17
54.72
54.66
57.46
59.23
62.87
65.79
63.13
59.47
58.11
59.24
66.21
76.6
81.95
86.09
84.8
78.79
87.72
70.36
65.17
75.71
59.11
56.09
65.68
75.43
63.46
50.82
46.03
44.28
42.81
58.87
65.07
90.5
72.13
100.07
83.88
83.03
89.77
96.56
88.13
95.77
49.52
85.7
95.56
84.79
74.53
74.87
88.85
99.49
117.2
148.43
117.31
97.78
77.08
89.37
105.33
117.77
113.21
119.97
136.36
110.64
92.43
110.95
122.09
106.24
86.31
84.15
91.63
97.46
101.57
102.34
98.44
98.76
98.81
101.95
107.83
110.31
107.22
106.81
110.5
119.94
111.86
113.89
122.15
107.32
101.95
95.96
95.39
95.3
101.4
104.73
104.36
112.62
111.07
114.48
107.49
113.5
114.22
108.81
104.39
111.18
114.42
109.94
75.64
72.95
80.87
68.47
57.72
54.32
47.3
0.31
332.31
17.81
44.39
35.09
37.89
40.52
34.76
39.16
47.02
115.94
338.96
304.57
269.85
271.04
262.65
264.95
253.82
212.63
237.16
334.45
353.4
15.21
11.9
30.8
31.62
19.75
47.98
46.1
65.53
85.88
248.45
185.22
149.48
165.21
194.44
200.15
239.13
187.93
167.29
146.22
182.46
207.88
167.58
150.83
158.42
161.15
182.69
183.73
190.24
165.35
215.88
146.48
125.57
173.34
170.24
175.4
206.2
252.03
270.44
265.6
258.58
257.15
263.47
253.85
265.54
262.3
268.52
266.03
270.02
275.02
273.62
274.85
266.94
270.45
266.08
280.54
259.54
259.14
274.17
271.2
259.95
273.6
297.49
271.63
268.44
267.06
278.07
270.74
274.87
281.32
293.13
293.01
289.87
269.58
284.43
273.29
290.91
294.07
274.26
280.37
292
296.04
290.64
295.25
310.59
305.1
321.15
325.77
315.41
317.55
318.51
320.27
315.61
313.51
314.37
310.05
314.19
312.83
313.95
313.67
313.04
312.85
310.17
311.72
306.41
306.32
308.64
306.31
301.32
305.21
305.09
305.77
302.82
293.22
286.13
288.86
288.66
299.71
305.98
313.03
310.08
311.63
305.87
306.21
308.5
308.17
308.13
309.41
305.8
296.6
296.64
301.67
303.35
307.04
309.83
312.87
314.27
317.33
315.69
320.52
321.76
320.31
316.7
316.61
311.41
314.03
314.35
318.67
314.18
321.69
324.54
330.2
337
344.93
332.07
329.28
327.54
333.14
316.13
310.88
312.74
314.09
318.39
320.36
320.71
319.65
316.31
327
320.34
316.35
334.11
348.36
340.56
13.4
17.58
112.13
338.38
321.18
345.19
7.82
5.79
52.09
54.24
18.16
51.96
60.02
94.47
117.3
112.44
77.05
113.65
152.5
141.36
140.6
140.59
141.3
117.7
290.82
227.21
155.88
122.64
141.21
140.95
108.23
136.55
122.24
100
105.67
76.42
71.88
108.57
118.37
132.85
136.96
151.6
137.45
123.28
128.91
151.59
135.2
114.25
105.93
136.73
128.88
135.76
111.38
196.66
258.01
264.01
263.28
263.22
267.34
263.65
276.61
293.14
330.18
328.33
320.97
333.17
332.23
221.52
33.51
161.96
7.3
27.86
76.16
95.76
150.43
110.71
148.07
130.32
150.9
158.8
166.53
152.42
144.25
148.83
136.03
133.34
139.24
134.65
129.04
129.47
126.6
127.54
125.08
126.5
126.53
135.64
139.52
141.63
136.72
131.86
133.06
126.32
124.46
126.25
126.01
120.74
121.73
128.38
124.85
127.15
128.4
128.27
128.38
129.76
130.81
134.41
133.57
128.63
129.29
125.52
124.11
122.89
124.37
125.96
128.59
129.82
129.37
132.69
131.4
135.01
130.59
130.13
127.49
128.27
131.12
133.53
130.57
131.69
126.79
131.23
139.64
137.46
139.39
135.76
124.64
125.3
133.5
133.42
135.39
138.54
141.83
137.96
142.48
138.48
135.46
132.47
139.45
146.96
149.48
132.61
123.62
133.99
142.56
134.55
143.47
137.96
129.51
129.46
129.77
126.47
134.75
110.05
110.08
117.47
129.83
144.17
135.04
130.29
126.5
107.83
126.31
107.4
110.86
123.96
139.75
126.98
130.66
143.53
138.11
129.99
129.01
109.98
95.08
90.78
83.36
84.61
99.1
95.6
97.3
96.82
94.9
95.67
96.07
94.58
92.66
90.83
93.02
91.31
88.23
87.22
89.58
93.25
82.27
80.07
81.52
81.22
82.42
84.21
83.47
86.79
91.4
95.35
98.3
98.64
96.94
92.16
89.02
91.36
89.99
92.04
90.15
87.97
86.82
85.85
85.17
85.59
87.48
82.95
81.28
83.31
84.25
81.3
83.78
85.38
87.91
89.92
89.32
88.17
84.04
87.47
91.38
89.85
89.42
91
97.71
106.65
111.09
107.95
108.83
107.86
105.79
102.71
93.1
87.12
86.08
85.63
88.03
98.79
106
103.29
102.32
96.74
87.16
91.27
103.23
113.54
108.07
99.24
101.28
98.03
109.18
109.58
108.63
109.89
128.07
128.48
113.74
126.11
125.49
121.2
109.03
114.73
108.78
123.81
122.86
127.98
123.55
118.76
114.84
124.69
118.73
117.13
127.67
136.66
130.46
125.86
129.93
129.02
119.11
116.02
121.27
110.64
122.23
115.38
137.77
130.22
127.72
119.3
127.17
130.49
138.3
143.79
151.63
139.18
148.64
138.62
129.55
128.07
116.84
94.32
123.17
129.79
118.15
120.54
123.64
99.28
96.82
100.22
101.08
97.27
101.84
101.78
92.63
95.99
96.59
92.03
88.11
81.83
80.17
78.58
79.89
79.49
76.69
76.07
77.71
78.43
77.96
83.45
84.25
86.15
86.31
87.66
93.6
92.36
96.76
101.24
96.48
111.78
122.75
122.48
122.05
126.48
124.46
128.31
128.4
137.69
138.58
137.5
144.96
149.73
142.06
145.27
143.69
139.01
137.23
137.76
135.79
126.71
128.87
146.11
141.83
159.53
148.71
128.02
139.57
151.33
158.12
142.69
152.4
154.67
173.94
174.25
176.92
182.3
192.51
199.78
195.38
191.11
195.66
207.75
229.84
243.6
257.31
264.59
261.52
276.57
283.84
250.74
181.59
144.41
288.15
307.16
274.33
241.79
282.01
246.76
208.06
151.83
108.6
13.52
343.71
329.79
276.54
269.72
275.47
260.69
253.73
257.97
260.63
245.82
237.79
277.12
299.83
315.21
303.65
275.07
250.72
220.34
207.73
196.29
179.98
177.97
170.36
150.61
156.01
158.66
185.49
199.05
197.88
203.34
212.36
220.62
229.84
214.34
250.86
264.78
266.83
267.5
279.15
292.35
298.11
290.46
313.61
4.41
13.02
32.79
35.68
23.64
21.4
17.65
27.54
30.25
44.12
33.51
45.02
39.75
45.35
48.25
52.72
50.65
45.25
46.02
52.38
58.19
71.51
60.75
69.15
59.95
76.29
100.62
126.65
141.23
215.62
258.25
305.54
296.62
273.11
257.83
192.23
151.25
180.26
240.99
240.45
230.98
185.66
150.36
157.72
129.5
132.46
127.26
129.7
130.95
130.36
152.95
156.73
160.62
181.29
194.22
197.01
190.79
213.94
204.13
211.5
220.56
235.04
241.52
243.92
230.68
210.71
204.19
229.24
243.82
250.77
251.46
249.52
242.28
241.8
236.29
249.55
251.18
252.52
253.05
259.94
263.28
257.95
254.27
243.37
248.16
243.22
247.7
248.43
236.98
230.7
229.01
232.47
226.08
221
218.26
222.58
223.36
222.74
214.69
224.7
219.99
199.01
205.33
182.62
176.45
177.7
186.25
202.22
207.73
211.38
198.88
216.82
212.86
215.24
218.49
213.94
214.78
216.62
207.5
205.72
209.25
216
233.43
229.61
232.89
221.73
234.86
238.29
229.6
224.34
225.93
230.03
228.24
229.75
231.22
231.34
238.15
238.87
228.01
235.25
241.26
240.04
245.67
239.45
242.2
236.31
241.17
246.71
247.32
243.38
242.23
253.19
263.62
269.81
257.05
252.43
242.36
243.98
239.8
231.54
228.34
226.1
229.17
233.61
231.76
229.45
228.96
233.11
228.78
221.17
213.82
225.12
236.39
237.34
224.34
221.31
220.17
208.19
206.27
208.86
197.5
201.69
206.13
207.64
210.08
220.6
222.61
238.83
236.56
231.76
240.04
242.28
249.98
258.71
267.51
254.18
262.4
263.26
262.48
264.98
267.17
264.46
261.59
262.83
271.37
268.63
264.93
263.59
264.79
269.34
265.82
263
263.49
266.11
249.13
240.82
253.02
257.95
255.3
252.87
249.33
246.11
257.52
263.07
255.15
254.69
253.66
251.68
250.87
250.02
250.44
252.43
251.35
247.13
245.72
244.06
248.72
242.31
244.47
242.25
243.24
248.43
238.77
236.56
235.24
237.17
242.98
241.93
242.91
246.33
247.73
258.97
256.89
253.14
249.03
247.52
237.31
219.56
234.73
252.79
254.21
254.41
265.3
268.36
266.31
264.64
271.57
265.58
245.22
246.55
249.84
243.92
251.57
256.46
254.18
246.43
249.62
258.53
254.48
254.97
264.44
250.39
260.12
269.3
257.76
254.76
254.12
252.99
252.89
251.87
266.1
316.02
306.62
290.92
293.48
296.16
281.8
274.13
271.83
275.28
275.97
278.14
277.65
276.03
274.42
275.43
279.78
279.48
276.77
275.06
277.2
282.2
281.29
275.88
277.67
274.77
267.37
272.03
273.08
268.86
271.39
267.46
267.35
268.54
264.64
265.05
272.59
270.68
265.01
259.05
256.07
251.92
251.06
249.77
250.73
256.5
261.82
256.46
257.09
255.35
250.91
252.65
267.02
266.99
264.49
260.23
263.4
268.16
266.03
266.19
266.25
265.99
264.59
265.64
266.2
267.31
264.17
267.95
266.37
272.18
271.99
274.07
269.81
266.65
269.91
264.84
264.73
264.29
267
271.17
278.21
275.21
278.6
284.81
283.8
284.83
285.97
287.18
290.46
278.51
266.64
269.88
263.57
265.77
267.91
275.66
271.55
265.76
282.02
284.09
277.91
275.3
279.88
278.54
288.1
289.49
288.34
291.17
283.96
313.71
318.24
309.28
321.23
290.85
283.51
295.6
295.35
288.65
278.27
280.34
282.81
310.07
311.08
314.59
295.17
292.25
281.19
280.75
289.52
272.42
278.25
269.24
287.67
307.84
310.06
298.1
276.34
275.38
273.97
295.6
313.22
312.68
314.51
312.3
301.44
290.15
261.11
270.73
269.96
268.24
314.04
311.86
321.39
324.09
321.98
323.14
329.19
321.93
322.13
329.56
309.55
300.56
290.4
295.5
326.24
249.62
282.75
295.03
308.05
313.04
313.74
322.53
317.84
308.1
311.67
311.56
320.57
316.33
319.34
322.56
335.68
25.9
48.67
32.36
38.11
29.31
38.8
55.3
69.79
40.59
55.68
77.79
92.15
87.6
92.67
108.55
112.47
117.18
119.17
116.58
116.06
106.61
117.1
114.34
117.99
125.33
134.08
131.97
135.85
142.17
136.75
134.39
136.52
133.75
123.38
113.67
109.6
111.82
109.74
104.55
106.09
108.74
110.52
111.55
113.04
126.4
128.41
128.69
123.32
114.27
87.83
89.5
72.19
79.32
75.56
82.32
96.42
98.04
94.71
90.9
90.68
107.12
97.06
97.03
88.21
92.72
98.54
110.77
125.23
125.88
149.15
137.75
123.9
139.33
144.3
141.32
141.72
140.56
152.48
120.57
117.76
108.82
109.36
122.45
116.32
111.81
112.47
115.89
99.12
109.53
112.55
121.99
101.85
91.02
102.67
110.78
98.07
103.96
97.91
100.99
102.99
97.29
102.61
126.64
96.33
99.75
113.65
114.57
123.74
114.39
108.77
107.24
109.65
103.08
95.15
90.89
88.57
92.08
99.41
93.35
87.36
90.15
90.01
89.59
89.23
89.94
87.2
82.97
78.68
73.43
73.31
73.36
77.36
79.56
78.41
76.91
76.35
78.55
81.16
85.35
87.77
89.69
86.39
86.82
89.91
92.04
99.84
105.08
107.77
104.03
100.79
103.99
105.88
105.92
103.9
105.93
109.04
112.14
103.66
107.09
114.84
110.37
112.11
112.96
106.69
104.34
103.05
106.67
110.69
96.2
101.3
106.15
104.45
103.82
106.78
108.86
111.23
112.36
114.46
115.2
115.5
113.06
117.13
119.86
110.18
110.15
120.13
128.02
110.7
106.5
111.1
115.36
113.27
113.66
109.11
105.42
100.09
94.26
109.22
109.02
107.32
103.66
104.99
110.38
110.3
124.53
122.17
134.89
166.47
141.42
136.18
115.32
106.83
99.49
87.7
106.5
90.55
111.72
112.79
98.58
92.43
85.71
80.83
78.74
88.08
64.03
55.9
64.49
88.41
105.84
116.64
111.79
91.15
96.64
91.03
105.93
97.47
111.4
131.3
129.1
108.71
98.38
95.08
88.86
83.52
89.55
90.1
102.89
114.28
109.51
125.67
151.87
157.43
242.78
235.73
41.23
58.61
89
99.89
92.15
96.46
89.56
79.65
93.24
111.63
112.22
165.07
250.72
261.32
270.96
256.49
245.89
243.12
216.45
167.38
214.78
214
220.22
208.23
189.54
172.07
186.09
199.81
206.09
205.17
201.35
211.11
217.4
223.58
255.91
283.58
283.29
277.88
280.35
283.34
281.01
276.18
276.11
274.69
276.56
275.66
276.62
269.96
267.55
267.45
267.47
263.02
257.4
254.33
254.68
259.73
261.72
262.15
263.01
254.18
254.35
254.99
254.36
252.97
256.1
256.99
253.31
254
253.82
254.51
255.73
255.7
253.55
249.82
245.49
245.83
248.57
243.33
237.34
236.8
237.3
233.76
231.2
240.7
239.53
234.98
234.85
237.31
244.98
243.76
242.08
243.83
245.68
244.72
244.84
244.07
245.33
242.5
243.54
240.15
237.53
239.7
244.75
241.23
248.12
250.47
246.91
242.46
241
248.74
254.75
256.63
248.56
250.77
250.77
250.34
256.43
255.99
262.01
260.8
264.42
261.51
256.32
259.3
268.23
265.61
272.16
277.89
272.71
282.04
277.97
277.13
268.14
273.95
273.72
276.28
274.91
273.21
278.42
279.59
277.76
270.72
275.75
270.4
273.73
275.22
273.18
279.87
290.08
289.09
279.81
277.68
273.41
269.4
267.58
265.67
270
266.81
269.84
271.54
266.54
265.58
266.56
269.74
272.19
269.15
267.87
270.43
278.1
274
269.31
266.34
271.63
271.87
268.92
275.78
276.39
281.18
283.15
279.84
281.3
282.03
279.23
277.75
281.8
281.46
285.68
288.95
279.59
277.53
273.23
295.43
306.09
300.3
295.23
297.25
295.72
295.22
292.97
291.97
295.31
293.54
292.81
286.02
292.41
299.98
297
296.74
299.41
305.7
300.87
296.83
298.75
297.66
295.39
298.58
297.35
297.9
301.91
305.5
312.45
309.62
312.1
307.02
307.8
309.2
310.01
309.99
306.39
305.18
307.44
308.15
306.78
306.82
305.78
311.86
311.63
308.13
316.13
315
316.92
319.1
311.4
310.63
309.57
308.93
313.09
303.22
298.65
306.4
299.63
292.81
294.34
298.15
291.71
305.76
309.5
315.75
312.6
304.13
299.5
304
317.31
309.79
311.71
317.47
311.09
306.41
303.6
298.63
306.73
307.48
308.45
311.43
311.97
308.67
301.29
308.51
311.99
314.61
314.21
316.1
307.19
294.96
297.16
294.52
305.66
307.34
314.78
314.27
314.97
315.73
315.16
308.74
304.22
314.52
318.01
315.28
308.07
307.89
311.1
311.33
311.07
305.12
309.58
307.94
309.59
312.02
306.48
306.01
305.48
312.19
308.06
308.84
310.49
312.19
309.49
307.7
309.89
307.64
309.68
311.98
314.93
316.57
313.26
315.47
316.15
308.72
307.4
308.32
312.96
314.69
309.37
307.9
310.53
308.6
312.83
308.34
307.53
306.05
314.28
310.06
314.27
311.2
313.91
313.16
313.28
311.8
319.39
327.58
324.43
323.98
318.52
318.08
312.36
307.66
311.74
315.45
317.07
328.28
334.19
338.64
340.15
330.12
321.12
321.15
329.32
332.86
318.03
314.38
315.12
321.33
318.15
321.15
316.83
316.46
326.64
324.23
331.48
318.68
329.32
351.7
16.26
21.58
11.4
11.98
18.48
15.07
27.23
24.71
27.91
30.12
31.58
35.26
36.76
39.72
41.16
39.62
28.05
19.87
22.13
29.28
26.02
46.95
42.91
51.77
58.83
71.84
69.31
73.55
64.82
58.84
67.15
71.7
64.18
65.12
76.83
74.55
80.19
76.14
81.99
79.76
77.42
77.22
75.43
77.09
73.02
73.53
78.33
79.2
72.14
74.74
67.39
71.8
62.01
67.06
69.24
63.08
58.47
52.68
57.33
56.22
54.44
54.3
52.03
51.66
49.77
50.21
50.36
54.82
56.83
56.62
57.8
60.38
58.48
65.4
67.34
66.06
67.88
69.93
73.75
72.62
71.54
60.95
65.34
62.62
59.58
67.68
66.21
70.23
78.72
71.88
68.12
75.25
80.81
79.08
77.84
76.17
74.53
77.61
75.83
75.75
74.42
74.46
79.12
76.92
76.13
77.89
75.03
73.9
75.59
77.08
76.67
75.48
70.56
79.4
90.29
83.12
86.68
83.97
80.84
73.17
73.59
66.89
68.06
61.99
62.23
61.75
66.06
66.76
69.8
74.3
72.64
72.41
75.73
73.86
78
76.41
76.78
77.7
76.59
72.33
71.57
73.37
70.62
68.91
70.73
70.45
69.01
69.63
76.28
82.37
91.14
93.23
98.76
102.41
105.58
98.67
91.64
84.8
85.22
85.51
81.85
95.07
92.17
80.05
95.8
109.57
86.8
90.51
74.61
80.45
96.74
77.4
74.1
70.4
82.43
66.73
61.23
58.3
71.61
84.06
83.64
76.07
65.83
85.33
95.75
96.53
84.14
75.73
56.13
55.85
60.62
77.17
76.69
65.35
86.07
77.34
77.99
74.79
74.74
77.94
83.72
80.84
75.64
77.53
77.13
79.17
81.56
81.85
70.12
63.48
59.85
62.3
74.32
77.39
72.02
70.46
71.64
70.33
74.81
70.32
72.73
69.32
74.11
75.06
73.43
72.87
74.47
76.73
77.18
72.24
74.37
71.6
74.46
78.91
81.06
77.8
79.92
80.59
85.21
88.7
79.89
81.21
80.31
80.54
81.18
80.93
79.51
73.32
64.08
57.96
59.85
59.85
62.23
58.12
59.11
56.23
56.79
57.7
60.4
60.34
59.04
61.27
70.11
58.33
62.5
49.46
54
56.92
43.46
52.98
45.59
42.11
52.71
52.35
50.05
55.8
52.49
49.04
42.32
37.49
41.4
37.71
41.87
43.25
46.19
40.19
48.79
43.13
45.24
44.06
44.65
41.66
49.44
55.33
31.78
37.19
38.11
39.58
51.51
58.27
45.48
45.29
56.32
61.29
52.51
42.66
46.02
50.39
41.59
36.1
35.75
46.42
46.98
53.04
52.66
41.3
20.26
36.73
20.27
29.86
24.08
19.06
15.8
36.22
29.56
24.55
31.66
37.33
33.53
23.63
38.68
37.36
41.44
41.14
37.67
33.35
36.73
28.45
28.14
24.68
27.36
24.71
28.69
28.8
28.35
26.81
29.05
29.53
30.3
31.65
36.45
41.81
37.42
36.75
36.86
34.44
30.07
13.28
358.71
0.45
346.87
339.83
340.68
339.53
335.53
332.82
327.69
331.22
9.15
352.36
340.69
335.27
339.97
333.26
333.97
332.15
327.39
328.85
328.93
327.2
324.56
325.38
323.45
291.33
290.64
281.3
302.07
312.9
330.94
322.51
314.83
317.73
316.36
314.65
297.74
310.23
312.05
307.2
303.74
306.99
306.02
298.81
312.04
291.11
279.97
275.1
229.08
225.5
263.58
267.23
269.96
272.54
274.83
262.64
268.05
279.66
279.35
261.72
220.29
181.33
232.01
218.57
243.81
241.8
231.34
235.17
238.05
230.02
220.65
229.9
227.43
228.85
237.73
242.58
270.4
270.66
238.6
234.37
226.86
214.89
195.25
192.08
184.12
188.93
191.74
192.25
192.03
202.11
173.87
180.64
189.21
184
189.87
202.74
211.77
225.61
238.06
246.47
247.3
252.52
250.94
252.36
252.37
253.1
250.93
259.06
267.48
264.48
262.3
264.45
266.72
262.22
266.11
267.14
261.35
265.3
269.25
265.22
266.25
263.32
262.05
255.55
261.04
262.88
263.51
263.22
264.92
262.05
262.25
262.18
256.42
255.93
263.61
315.43
281.61
274.86
269.97
268.82
267.29
270.5
271.46
275.82
281.98
297.71
306.55
300.68
295.36
293.74
296.24
301.27
304.43
299.5
299.16
300.4
303.03
305.23
305.91
307.35
305.3
303.76
303.34
300.73
297.13
299.38
310.82
303.5
307.94
310.12
297.47
299.22
292.58
289.45
292.72
295.45
297.75
298.11
302.02
300.85
297.73
291.87
292.78
298.62
301.61
298.78
294.02
288.81
284
288.89
284.52
276.95
263.83
260.61
267.42
263.99
264.6
261.05
258.76
263.28
269.88
263.95
264.79
266.4
264.38
264.3
262.43
263.29
261.25
262.25
259.38
259.66
260.48
259.25
251.5
248.24
252.2
236.82
240.16
241
231.77
222.58
217.34
213.59
203.09
196.42
209.02
216.9
255.06
253.27
247.68
249.49
249.63
252.28
261.32
269.87
264.45
263.24
265
263.04
269.31
273.81
274.59
276.44
288.41
290.41
270.18
272.84
263.36
278.51
267.13
285.6
283.08
281.82
282.12
289.72
278.43
273.99
279.69
281.57
270.01
254.64
255.45
255.16
260.15
256.01
254.51
265.71
259.45
250.16
250.99
256
258.22
252.61
254.18
254.14
248.11
240.01
239.8
234.82
232.57
231.66
229.75
227.2
225.13
227.52
221.36
220.72
216.95
212.89
210.98
209.66
206.47
211.13
209.44
205.44
195.25
194.04
204.37
205.74
217.32
230.59
236.88
239.3
233.13
230.35
246.31
257.93
249.74
255.68
260.7
253.44
249.22
252.46
254.24
263.32
260.74
255.47
251.14
249.11
253.59
252.76
254.04
253.86
256.5
254.08
251.47
255.3
247.69
242.11
242.55
239.86
235.13
231.73
216.67
209.08
215.07
225.61
223.87
229.11
230.61
233.22
246.06
250.28
251.17
250.14
246.24
246.03
247.59
255.2
248.09
242.97
239.09
236.96
244.14
244.04
246.46
245.11
244.73
242.44
240.62
238.82
240.13
236.78
236.15
240.55
241.68
238.83
244.15
246.04
255.74
253.98
251.78
246.03
247.4
249.56
248.88
252.42
249.5
247.92
246.93
245.18
236.23
244.01
247.68
248.31
250.32
251.49
255.5
253.35
253.1
251.98
249.62
251.87
251.53
251.49
252.13
250.83
257.87
263.91
260.53
257.49
259.33
257.17
261.71
256.84
255.29
254.91
258.05
258.45
263.03
265.78
266.7
266.71
277.08
281.33
278.86
277.72
278.76
279.81
278
276.72
280.9
282.75
280.42
274.34
272.51
273
277.22
287.54
283.78
286.86
290.61
289.92
291.44
290.53
294.37
297.38
296.07
294.45
296.04
291.92
293.35
295.29
294.38
292.05
291.31
289.95
289.96
287.9
289.77
288.55
290.48
290.92
287.32
278.94
273.91
272.73
276.57
