281.72
280.96
279.4
287.19
278.19
276.82
276.94
285.48
281.94
266.25
254.5
269.67
261.91
269.65
269.25
262.22
261.16
256.41
241.21
231.77
252.73
252.99
242.58
240.66
226.34
207.21
213.61
208.13
213.95
213.02
215.98
221.15
231.11
241.98
246.73
250.01
250.74
251.2
251.47
252.91
252.63
250.94
252.15
251.22
251.2
250.21
251.97
255.09
252.7
252.62
251.97
254.56
253.26
255.27
250.82
250.44
252.72
253.83
248.98
248.4
249.49
250.04
254.31
243.98
248.06
243.29
237.89
239.56
245.13
252.04
255.92
253.18
249.79
242.74
236.56
242.39
252
264.86
261.15
265.11
265.05
267.21
266.92
269.67
268.97
269.87
289.63
288.9
281.59
277.38
272.58
275.62
264.72
265.2
264.35
259.97
258
250.84
257.99
259.12
262.45
259.91
255.96
260.71
282.64
280.02
286.04
287.56
279.35
276.94
273.3
262.92
267.9
273
271.46
260.38
255.61
248.27
251.5
248.68
244.85
243.41
247.27
244.54
243.14
247.27
247.01
244.16
237.56
244.56
249.32
250.55
254.68
258.86
262.08
260.97
266.21
263.34
264.18
268.07
268.55
277.95
267.18
270.85
273.1
275.05
271.81
270.3
271.38
274.14
271.59
275.87
274.26
274.29
276.45
277.91
276.04
277.43
281.09
283.35
283.36
279.62
282.2
278.96
277.77
276.77
273.11
274.3
273.08
277.05
277.9
278.28
278.49
277.17
275.55
275.75
276.8
279.26
276.93
274.94
274.46
272.9
281.02
279.01
276.94
275.04
273.34
271.59
274.59
269.97
271.29
266.63
262.63
267.73
271.46
265.95
269.54
271.43
268.85
271.98
274.31
273.59
268.69
269.55
266.34
268.54
275.05
274.83
274.5
275.33
272
267.15
266.16
266.62
268.77
271.02
272.55
278.07
279.76
280.93
281.32
278.56
274.38
271.11
269.99
270.77
271.9
273.13
274.22
278.13
284.44
278.28
278.94
276.7
283.2
284.87
283.7
292.67
299.19
300.34
295.84
288.72
287.41
292.71
295.96
294.44
290.52
293.24
292.03
290.87
289.63
288.42
291.24
289
290.04
292.74
293.65
288.43
290.66
289.16
290.98
292.09
295.12
291.35
280.18
283.06
284.68
279.79
277.67
277.38
279.61
275.73
273.84
277.2
277.83
277.68
275.82
273.45
270.58
270.88
268.41
269.62
269.48
269.93
269.48
268.11
266.13
269.16
267.87
270.28
271.03
270.75
270.19
270.41
268.52
269.32
271.65
272.01
271.93
269.56
271.66
269.67
272.81
271.23
269.37
268
265.58
265.59
264.68
264.36
262.24
262.59
263.41
264.38
264.73
266.97
265.02
260.49
260.76
260.96
257.94
257.31
257.36
257.67
257.6
255.96
255.65
256.53
253.91
257.67
252.22
253.3
257.29
261.14
260.37
264.72
262.99
262.69
260.47
261.85
259.9
271.38
271.95
269.38
268.61
269.66
268.69
265.04
263.14
262.94
267.24
265.13
268.25
268.91
273.4
267.81
265.03
263.47
270.93
268.13
272.78
271.8
276.35
277.21
273.27
275.1
272.61
273.75
278.35
279.61
281.05
265.03
271.8
272.55
269.03
271.38
278.86
274.57
275.88
277.41
275.35
275.57
268.71
268.04
269.62
272.81
281.4
278.24
275.94
274.38
270.18
269.92
272.07
276.3
274.97
275.31
276.47
273.84
270.82
271.14
271.4
271.84
271.93
268.89
268.17
264.75
265.92
268.99
265.61
266.9
266.24
266.46
261.45
262.75
264.13
265.26
263.2
263.25
264.38
265.01
265.06
271.37
267.64
267.88
265.25
268.78
266.39
265.91
269.71
273.6
273.3
268.74
269.58
267.4
266.81
275
276.4
269.43
262.1
261.47
263.94
271.52
270.35
267.26
262.81
261.61
265.19
263.45
264.59
265.73
267.39
270.7
271.07
274.94
272.45
275.64
278.93
285.04
295.38
287.69
279.62
273.58
273.37
267.75
266.8
262.04
268.57
270.74
266.62
263.51
264.53
266.71
271.1
277.97
281.64
284.35
279.01
273
268.36
267.41
268.17
277.97
279.35
263.87
257.63
259.84
264.47
266.59
266.98
271.66
259.25
261.99
266.37
291.22
286.07
284.78
305.49
298.31
301.55
295.41
283.55
289.94
288.96
285.39
285.54
281.6
281.56
283.03
277.47
284.88
285.04
283.2
289.93
289.51
276.38
279.42
266.89
261.61
257.79
268.09
257.28
254.96
260.06
259.68
259.55
261.89
265.35
263.52
267.29
270.39
275.02
271.6
274.32
281.76
280.57
282.55
283.47
282.57
285.85
297.19
292.21
293.79
294.26
296.59
296.57
296.53
298.87
299.38
299.83
294.88
296.98
288.16
289.9
291.46
292.67
294.95
293.73
294.85
291.3
292.81
296.27
292.5
293.29
289.85
289.66
285.31
284.62
286.53
284.46
286.2
280.75
276.94
283.6
280.03
279.27
276.15
279.56
278.74
275.14
282.25
273.19
282.49
291.77
285.3
269.78
264.27
265.32
272.54
266.05
252.68
254.59
259.4
261.78
260.02
255.34
247.73
244.33
239.09
234.65
249.9
256.71
258.71
264.78
261.45
248.29
231.54
217.73
216.41
222.16
227.76
222.15
200.68
173.68
161.92
166.4
172.81
160.06
170.65
184.55
186.63
186.38
184.83
178
169.39
168.01
185.21
201.67
210.22
201.65
201.62
206.4
199.13
210.83
203.67
204.67
217.05
207.43
208.56
210.43
194.21
186.79
194.54
185.16
202.38
215.06
258.47
257.5
263.2
261.7
273.31
284.89
261.04
259.64
262.46
262.95
276.41
276.71
273.82
269.28
274.73
273.9
275.76
280.21
280.25
282.13
280.1
290.57
290.6
299.77
300.38
299.07
296.86
305.73
302.39
292.95
285.21
294.27
304.32
294.05
301.97
294.54
301
306.39
304.06
302.7
308.89
297.8
293
294.48
300.96
300.16
300.38
303.12
304.14
300.27
297.91
298.39
295.61
293.83
294.26
299.12
302.91
306.97
311.58
309.37
305.12
301.32
301.48
303.58
300.32
304
307.79
309.65
312.08
317.76
318.88
321.64
323.14
324.71
331.3
340.8
336.34
344.01
349.68
353.96
356.44
355.91
348.65
351.97
351.7
356.86
357.95
359.72
356
1.03
3.15
2.42
6.59
11.66
20.14
24.46
34.47
35.04
37.5
42.73
45.33
45.64
48.94
68.35
76.55
102.63
98.14
96.11
93.82
86.08
84.03
83.27
82.19
86.6
94.96
102.17
101.86
101.33
103.8
102.82
109.65
115.74
118.51
118.25
126.01
124.26
129.77
134.36
125.77
111.55
109.21
122.97
118.91
127.02
126.74
135.81
136.06
133.21
144.16
148.31
144.47
142.48
148.91
141.42
140.77
138.13
130.18
131.25
133.9
139.34
157.22
156.31
155.6
154.26
145.48
143.29
143.42
139.56
143.54
133.55
129.24
149.14
145.35
141.57
145.48
141.52
141.78
124.26
148.75
159.91
152.35
151.64
153.92
140.92
129.68
127.32
122.22
120.59
129.96
125.61
125.92
122.81
123.42
121.78
106.03
101.17
111.96
103.91
91.59
94.89
94.28
100.9
111.87
112.67
112.15
109.73
111.83
107.4
107.07
108.14
108.7
111.39
111.38
109.55
110.74
110.94
107.48
109.78
111.06
107.41
110.03
113.14
109.76
109.28
107.88
106.68
106.07
110.95
112.74
113.2
113.75
115.39
119.85
118.16
112.55
112.91
113.93
114.03
113.5
113.56
112.21
112.05
108.29
104.74
100.03
101.19
104.38
103.01
104.34
102.8
102.67
98.1
100.64
99.75
100.52
100.95
97.79
96.85
96.44
96.51
97.02
94.39
94.48
97.52
95.67
99.27
100.69
99.58
99.51
100.72
98.01
94.67
90.59
92.18
90.66
91.29
90.74
114.85
123.76
125.45
110.09
106.28
104.85
107.08
106.13
102.73
100.37
101.56
101.82
104.06
100.83
104.79
108.08
109.11
107.99
98.98
95.18
101.36
101.78
101.7
100.67
92.76
95.25
95.99
96
99.95
101.36
95.13
93.06
95.55
97.1
91.79
89.41
99.4
98.61
99.16
88.66
83.22
86
86.25
89.31
80.33
82.69
72.48
74.93
80.5
77.92
74.81
72.41
71.86
69.46
64.74
65.81
64.82
59.55
58.74
61.18
62.49
61.32
56.98
56.36
55.2
58.97
59.2
58.39
57.35
55.18
51.17
50.3
46.55
46.25
45.63
46.73
48.43
50.09
49.64
48.53
47.68
47.36
45.69
45.23
48.46
44.85
43.35
41.37
42.11
44.36
42.94
41.65
37.86
37.42
38.16
40.89
41.92
43.16
37
37.45
33.45
35.04
31.02
26.22
26.16
33.08
34.94
38.47
34.59
36.61
36.8
37.72
35.41
34.17
32.02
29.44
25.06
27.44
31.48
33.21
30.96
33.78
33.83
33.24
30.41
27.7
24.48
24.78
25.13
26.17
26.88
26.22
28.35
29.33
32.33
34.56
36.61
37.64
39.54
40.05
40.78
42.69
43.42
44.98
47.08
52.9
58.49
55.05
54.61
56.46
54.3
53.86
58.39
64.58
53.09
57.59
59.5
56.41
50.83
49.81
59.3
56.7
59.45
54.74
56.42
55.94
62
57.22
56.57
60.16
55.02
61.25
66.84
51.21
39.03
53.65
42.85
47.98
47.45
53.5
48.06
41.53
45.6
49.76
50.89
41.58
37.82
38.33
45.7
41.04
37.67
37.56
39.46
42.78
40.47
39.3
45.2
38.89
28
31.65
23.67
10.97
22.51
36.39
37.35
24.56
24.79
23.57
18.64
23.42
26.9
27.09
29.05
35.77
40.71
39.71
37.47
34.55
38.03
38.15
42.88
43.64
46.52
49.45
49.38
49.23
53.5
57.9
59.17
60.67
58.64
60.63
65.83
67.5
68.53
68.73
65.3
64.95
68.68
72.09
73.45
76.48
79.15
80.33
79.82
80.77
81.47
83.55
81.63
79.96
77.58
72.66
72.04
72.05
72.19
71.78
68.46
68.01
68.5
67.37
65.81
65.27
65.03
63.92
60.83
57.81
57.23
57.98
56.91
57.8
55.95
55.51
55.34
57.95
61.71
64.36
67.55
70.84
71.6
70.92
73.99
73.68
72.23
70.39
71.67
76.69
77.92
75.91
72.62
68.28
65.22
69.15
68.22
75.7
70.88
71.36
81.47
75.6
71.27
80.86
81.99
90.35
85.72
80.09
64.4
72.46
85.7
78.01
61.81
47.11
58.26
57.99
54.05
61.29
63.69
62.55
77.78
69.9
72.79
61.34
49.17
67.62
79.01
46.46
48.5
45.47
62.06
48.47
55.78
57.02
56.38
66.93
47.93
51.31
63.08
56.14
65.2
58.8
60.46
71.07
76.18
73.43
75.02
83.17
76.47
72.25
83.46
77.15
75.24
78.02
77.83
84.57
79.42
75.91
74.31
72.3
73.85
73.8
74.44
77.89
81.47
76.79
73.76
75.59
73.33
78.18
79.52
86.72
87.29
88.74
90.06
90.2
97.19
101.44
104.01
105.48
111.4
121.3
117.14
121.97
122.4
121.11
140.67
157.42
185.86
211.69
232.95
246.11
248.68
246.11
228.94
193.14
191.42
209.01
216.1
225.61
234.52
241.21
243.56
223.34
224.36
241.1
235.93
236.64
249.59
262.19
265.26
276.4
275.75
286.93
293.93
295.45
297.89
293.97
296.92
292.85
299.73
301.95
300.62
299.03
296.51
299.27
298.27
300.34
300.98
297.8
292.11
288.3
288.13
284.52
283.25
288.41
287.05
283.31
283.97
285.98
283.15
284.78
283.38
286.95
287.05
290.49
291.29
288.33
284.51
281.53
292.37
290.5
299.93
293.46
291.39
292.01
289.87
293.19
289.71
287.92
292.38
288.36
287.59
285.87
286.01
293.19
283.69
283.54
282.69
283.85
288.81
294.13
288.55
279.01
284.91
289.06
287.41
284.41
277.36
281.51
284.64
280.28
281.11
279.59
279.22
283.05
284.99
285.4
290.09
287.3
290.34
284.39
289.54
291.34
289.33
290.6
290.06
286.82
292.04
292.12
292.28
292.89
293.96
300.59
303.82
300.97
300.51
299.56
300.14
304.55
308.64
303.86
303.89
302.82
302.73
309.4
307.31
313.07
313.92
315.75
317.93
311.69
312.77
312.58
309.89
311.2
311.59
305.35
308.56
309.64
308.31
304.52
303.19
306.97
313.32
315.44
312.01
315.06
314.74
315.36
317.06
315.04
314.6
315.6
316.35
315.61
311.69
313.46
310.32
312.1
314.62
314.79
311.37
313.55
311.59
313.52
306.92
307.25
309.88
309.57
314.12
316.93
312.41
303.06
303.21
307.3
309.47
309.07
310.62
312.53
303.89
306.05
307.38
306.96
310.73
314.56
315.47
320.81
316.77
312.89
314.11
309.95
316.93
316.47
319.99
323.27
323.81
321.05
327.97
326.67
322.25
325.24
324.58
319.14
324.73
324.03
325.29
327.33
318.24
330.09
331.23
334.34
348.72
340.98
350.75
349.73
328.41
337.44
346.81
350.06
347.46
338.77
349.1
337.36
346.25
338.04
340.53
336.98
336.91
339.06
333.67
333.46
337.25
330.09
321.56
318.2
318.72
323.01
321.38
318.03
328.4
335.43
356.55
347.83
346.69
350.98
354.15
350.92
349.83
346.77
6.07
354.44
354.99
349.1
344.99
345.16
353.92
355.62
344.78
350.21
347.3
346.24
346.23
346.07
348.12
341.37
340.77
345.65
341.18
347.14
342.85
341.09
340.5
338.56
339.26
335.84
331.54
328.37
324.65
326.12
325.47
325.52
325.23
329.58
328.17
329.47
324.89
327.72
325.12
320.93
320.22
320.89
318.19
317.41
318.52
315.34
315.04
317.2
315.28
312.59
315.19
316.19
316.96
318.94
317.86
318.87
318.76
316.9
315.45
316.33
316.79
315.05
314.58
314.63
316.35
316.7
317.58
318.62
319.23
319.97
320.64
320.38
320.98
323.73
327.01
329.76
331.85
331.54
332.57
332.75
331.45
332.79
339
337.48
335.87
337.53
332.67
332.15
331.06
332.97
332.4
341.26
341.09
342.57
343.88
347.48
336.39
339.69
331.13
344.92
358.7
357.32
21.6
32.6
24.58
24.92
34.29
27.53
26.16
19.74
35.27
33.44
35.18
31.77
34.27
35.88
8.84
5.98
5.89
9.28
13.34
21.11
39.22
34.24
34.85
34.25
39.16
40.58
30.25
33.29
35.53
37.5
35.84
46.61
43.97
30.41
36.03
44.22
49.15
46.48
47.9
48.35
51.05
48.91
40
36.75
34.97
33.01
32.78
30.95
35.55
34.89
32.64
27.7
14.07
16.95
19.73
20.82
14.35
20.25
23.31
22.04
17.07
11.47
12.67
9.63
12.93
13.48
7.97
358.57
351.4
347.45
343.02
344.49
340.36
345.39
354.23
352.74
350.64
353.35
354.42
0.24
7.32
7.73
8.91
11.15
22.47
38.23
37.91
50.55
62.23
46.62
52.61
61.95
78.12
50.38
36.03
44.37
11.68
48.85
115.84
73.04
61.66
58.23
54.5
33.85
31.59
12.02
359
1.63
348.23
353.8
0.82
5.91
9.14
2.32
353.32
342.32
332.62
334.21
338.28
347.25
356.3
1.89
7.15
14.69
18.8
13.29
11.96
12.14
10.48
14.56
13.12
6.69
8.54
7.51
5.91
7.38
3.47
4.81
11.48
9.47
8.55
8.74
11.01
9.34
16.33
16.07
16.53
19.38
14.6
9.52
17.05
20.76
7.05
13.69
5.53
8.12
10.24
11.32
13.34
14.12
18.11
11.54
22.11
14.62
9.89
11.63
9.55
9.56
1.27
7
8.63
9.78
11.64
9.02
9.27
1.89
3.51
3.16
0.12
3.34
9.82
9.91
13.72
3.33
355.62
3.12
4.71
1.36
355.61
0.62
356.96
355.13
349.91
344.52
339.33
345.33
349.82
349.33
348.73
347.63
344.32
346.68
342.89
342.84
343.82
338.91
336.28
336.95
337.92
334.48
334.59
334.08
334.9
335.19
335.55
333.33
331.2
333.59
329.03
329.29
330.21
332.63
329.8
327.91
328.33
332.7
334.82
336.55
335.18
334.94
339.21
343.7
341.06
339.28
339.28
342.15
340.15
339.61
339.56
335.81
336.09
338.36
338.21
336.46
334.6
337.12
335.81
337.17
337.83
337.81
337.38
332.88
328.84
327.87
327.97
328.19
332.8
331
330.76
331.58
332.65
330.08
332.15
332.16
332.41
331.16
329.55
332.89
335.61
336.32
336.76
339.65
343.62
344.59
344.29
350.69
350.68
350.71
2.68
7.02
2.25
4.54
0.95
7.27
359.68
7.41
2.64
14.2
8.15
26.95
42.8
46.15
43.23
46.62
43.06
42.87
41.9
41.49
37.94
36.72
42.6
35.92
35.61
42.28
34.85
32.38
40.08
39.58
44.88
42.5
40.87
39.03
37.33
36.46
37.15
32.12
32.93
31.4
36.78
32.65
36.46
33.05
33.66
34.71
32.38
40.23
42.4
43.52
36.78
33.38
24.44
22.53
15.4
22.5
15.13
11.32
2.95
358.28
0.16
1.23
3.62
5.15
2
4.32
5.39
359.9
4.23
12.85
13.83
13.05
13.1
11.8
5.24
0.84
8.61
8.37
5.56
8.4
12.88
7.4
5.31
5.27
12.89
15.39
13.57
14.75
20.61
19.01
19.81
21.24
19.27
15.3
12.29
10.58
5.65
1
6.54
8.64
9.97
11.45
15.44
14.01
7.59
4.05
5.46
1.73
7.95
13.1
9.99
12.82
3.77
358.82
1.61
353.96
357.14
0.96
1.54
358.1
1.21
359.29
0.97
6.29
1.21
358.58
357.11
358.64
5.07
6.07
5.11
5.23
7.12
4.75
3.59
5.48
10.24
17.67
14.83
11.93
8.37
8.59
13.08
10.85
7.57
16.03
19.61
30.12
21.68
26.44
26.95
27.65
33.42
31.35
24.07
16.12
9.09
14.21
13.39
8.28
10.61
10.63
8.16
27.49
33.38
28.85
30.07
30.56
32.78
31.64
29.65
30.77
14.55
11.26
14.81
19.93
14.87
15.11
8.8
12.26
19.29
19.11
13.67
20.33
40.47
39.58
40.96
37.3
34.22
26.14
32.17
32.99
39.46
38.77
42.24
35.71
33.4
33.73
35.7
32.93
32.12
31.67
36.52
39.02
38.62
34.84
31.92
21.71
23.43
18.67
15.46
17.37
13.41
20.41
17.95
22.63
24.9
20.59
19.59
22.03
17.07
3.05
3.21
6.52
0.07
356.61
357.6
2.15
6.75
6.52
11.34
11.66
16.4
17.78
14.48
15.32
9.34
7.49
10.34
356.73
355.69
350.82
345.65
352.68
352.19
348.29
355.25
356.46
351.61
354.57
345.08
344.15
346.61
342.6
340.25
344.1
343.47
337.96
335.59
337.69
343.32
345.58
350.15
351.71
351.76
345.45
347.74
351.68
355.61
354.64
356.36
355.28
355.91
358.18
358.29
0.82
2.49
358.46
0.16
355.5
358.22
353.88
353.67
350.44
345.92
352.84
355.4
348.55
1.75
359.56
0.14
1.64
351.52
346.2
347.97
359.26
8.94
0.45
5.37
17.52
10.33
5.22
16.79
30.47
6.43
4.68
21.87
36.84
14.55
7.22
15.56
20.79
21.74
22.2
19.29
22.41
2.72
15.72
27.01
36.32
22.19
26.31
17.91
15.93
20.16
1.88
354.26
341.77
345.62
355.62
350.82
353.59
352.51
348.07
329.77
322.47
316.31
319.03
319.45
321.92
326.66
325.36
327.19
328.83
328.1
325.82
325.93
317.98
311.73
312.12
310.15
311.42
311.04
312.97
312.46
312.65
312.54
310.84
313.7
312.35
311.56
307.36
306.72
308.31
308.66
308.54
306.58
311.72
313.53
313.48
312.56
312.43
309.05
309.5
314.19
313.25
315.19
314.1
315.15
315.12
314.32
319.33
318.54
318.29
317.06
315.69
318.19
316.95
319.45
317.9
321.25
320.58
318.96
322.4
320.86
322.57
325.23
323.16
317.74
312.56
314.62
311.28
313.08
318.75
321.05
317.79
318.22
318.38
314.49
317.21
314.31
313.86
315.28
318.96
315.71
321.55
320.4
317.76
314.31
320.16
317.18
315.16
310.76
315.7
310.74
312.32
310.85
298.93
302.26
301.96
301.67
299.49
294.22
292.6
292.23
286.07
292.13
286.83
287.38
283.02
285.16
286.38
285.74
282.57
283.24
280.19
285.61
283.27
285.53
293.71
300.36
296.63
302.32
305.1
305.95
314.23
308.62
307.66
304.72
306.35
310.02
305.54
322.91
311.78
309.66
309.93
310.02
313.42
308.55
302.95
301.07
303.14
310.69
315.14
320.62
305.15
300.82
304.24
312.56
307.89
312.93
303.9
299.52
295.87
295.07
300.29
295.72
296.38
299
302.18
306.59
310.48
311.27
309.37
312.61
312.46
311.59
309.53
314.19
313.75
307.75
312.83
317.48
315.05
311.49
316.47
315.68
317.43
317.15
316.74
316.21
316.1
312.54
307.51
305.32
304.51
306.61
310.85
306.52
305.2
304.15
305.05
306.71
305.97
303.32
299.46
300.77
301.6
301.87
302.56
303.15
299.26
297.09
296.67
290.45
292.64
297.81
299.08
301.61
304.82
301.66
303.43
304.33
308.1
306.03
299.69
302.63
300.84
298.2
293.21
294.94
294.86
297.6
296.06
286.64
287
286.17
286.92
290.5
299.04
295.54
290.92
288.5
295.84
301.03
305.31
298.54
291.18
307.28
297.64
305.78
313.05
303.78
292.71
292.47
289.03
287.36
290.84
276.43
277.84
278.49
271.28
282.46
291.95
280.29
284.33
282.97
293.32
287.42
298.39
305.21
283.81
314
321.47
317.79
314.41
300.47
298.75
300.95
287.3
283.63
279.48
285.01
277.06
296.83
283.36
276.98
298.2
287.78
282.46
276.36
276.77
286.83
288.17
286.79
308.28
296.89
290.52
285.27
280.36
283.34
283.13
275.99
277.05
285.23
287.99
272.09
278.01
273.72
273.02
287.08
308.5
300.35
308.73
287.41
282.09
286.92
316
325.28
313.8
298.6
312.37
327.07
312.59
329.85
322.03
324.2
304.06
303.29
312.97
315.24
325.58
325.16
314.9
320.34
322.57
321.59
317.24
315.84
303.83
298.02
302.72
307.53
306.33
297.22
298.86
298.02
295.64
296.14
298.04
298.19
294.08
293.07
294.11
290.99
290.83
286.8
283.97
285.01
283.38
281.87
281.47
279.92
273.86
273.1
275.62
275.8
280.14
279.28
281.59
285.6
286.13
285.83
285.84
284.69
282.39
281.24
282.09
283.8
283.84
284.82
287.18
286.63
291.11
294.53
295.42
291.46
288.65
287.32
295.37
292.5
294.02
296.87
300.46
294.68
305.48
302.45
295.57
289
286.48
289.69
286.93
288.31
289
291.1
289.95
287.84
285.02
285.43
276.71
282.5
282.55
281.6
280.28
276.77
282.85
282.94
282.57
285.53
286.56
290.03
285.87
284.62
287.19
284.83
282.53
286.8
282.71
287.02
299.15
302.05
299.9
298.66
297.97
298.12
289.53
292.03
289
291.34
286.93
295.93
289.29
294.28
298.16
299.91
295.21
306.47
311.06
307.66
303.56
298.83
300.93
293.6
297.64
300.36
305.25
298.4
303.45
302.41
307.42
301.1
305.57
299.78
305.31
307.5
315.56
318.78
317.19
312.48
317.11
317.28
316.85
316.22
318.78
320.77
319.97
320.99
317.78
315.23
316.46
316.82
317.97
317.05
316.18
317.86
320.51
320.57
323.38
324.26
321.71
321.62
322.75
325.84
326.48
327.34
325.93
326.96
327.23
329.52
331.87
329.8
326.46
323.18
324.83
325.73
324.87
325.55
325.77
322.69
318.98
314.34
310.93
309.24
304.22
297.79
304.48
306.35
300.67
299.53
303.56
304.91
312.89
318.8
312.75
313.6
314.53
311.85
311.82
313.83
313.29
315.33
320.66
319.35
323.67
322.41
320.11
321.97
324.59
323.67
322.77
327.48
327.62
318.27
317.68
300.68
314.5
311.95
306.5
321.33
320.19
324.02
328.05
340.63
337.73
330.16
330.83
341.92
352.19
16.7
41.09
37.98
29.87
59.32
87.9
95.76
72.39
59.58
44.77
61.13
62.97
87.09
96.13
103.25
104.02
83.45
82.31
79.19
92.45
91.76
111.6
116.19
106.2
143.3
118.96
102.83
137.98
115.98
93.9
70.22
9.72
84.73
121.88
124.06
99.73
77.38
61.5
64.93
72.08
65.23
60.71
60.8
60.87
61.26
57.84
52.73
53.1
52.34
50.53
50.43
50.55
51.33
50.87
51.19
50.71
51.5
53.08
54.94
55.18
56.62
56.83
56.1
56.49
57.89
60.75
64.18
65.32
69.33
70.52
72.99
72.96
73.46
75.41
76.34
76.83
76.1
75.3
75.26
75.52
77.04
76.97
74.43
73.01
75.87
74.36
70.43
69.28
68.65
67.84
65.3
66.46
67.98
70.51
64.17
66.51
68.32
66.93
67.72
67.53
65.93
61.96
63.66
62.56
63.2
61.54
61.38
61.76
66.02
64.68
62.58
62.33
65.25
67.6
66.98
70.83
71.36
72.93
73.12
75.22
74.45
85.11
83.69
84.17
81.81
76.64
78.71
76.93
69.56
77.83
61.28
62.27
71.74
78.52
72.86
55.96
54.97
55.43
49.35
75.53
70.94
76.38
84.28
100.07
93.43
91.68
83.89
97.21
96.74
95.89
70.41
99.78
106.15
87.37
85.4
93.26
96.72
105.33
123.19
153.88
115.71
105.43
96.9
99.31
111.45
123.32
118.5
121.83
138.66
115.97
101.47
117.92
125.05
108.6
95.78
95.63
101.45
106.76
108.17
106.63
105.21
108.05
108.76
109.88
113.41
115.81
114.72
119.84
122.37
126.09
122.83
125.74
133.19
123.54
121.45
119.65
118.56
118.58
122.77
122.99
128.26
130.7
125.66
122.05
122.91
126.09
129.62
129.12
128.63
129.58
132.57
132.48
134.26
133.81
144.4
144.5
170.8
160.84
159.46
219.53
297.11
315.02
322.27
328.43
335.14
354.2
347.39
341.41
335.07
337.26
333.97
326.37
319.01
315.47
308.32
305.49
317.04
320.2
311.48
301.08
298.59
308.18
309.9
306.69
322.63
311.68
304.7
301.64
318.05
308.9
288.71
280.93
274.69
273.45
279.56
276.27
279.06
287.67
295.42
294.38
294.54
297.31
298.49
298.24
301.53
300.14
297.46
300.95
295.56
290.24
285.2
280.24
271.97
279.87
275.61
263.75
270.89
265.57
285.36
286.36
275.82
274.84
281.36
272.64
285.61
275.92
272.93
276.46
278
284.31
284.46
283.31
278.69
283.1
279.54
278.62
268.18
273.15
280.33
277.69
273.36
282.5
304.1
284.67
279.97
273.92
291.3
282.22
288.52
296.05
298.86
300.78
301.7
293.2
298.94
290.52
302.72
299.87
291.78
293.68
303.53
301.4
296.85
301.16
316.77
312.73
329.73
327.94
322.66
322.89
324.21
324.23
321.37
321.29
325.36
322.63
323.74
323.61
323.95
321.1
322.26
320.52
321.11
323.5
320.65
317.3
317.18
317.3
316.16
317.52
317.86
317.12
317.77
313.54
306.93
309.5
307.28
313.38
314.87
322.9
319.25
322.05
319.46
319.78
324.44
323.66
324.46
320.55
319.31
314.59
315.04
315.24
316.46
317
321.28
320.75
321.83
323.47
325.29
336.13
339.16
335.15
333.01
330.62
330.73
339.35
341.35
339.64
334.09
337.01
341.27
347
349.1
353.2
350.25
344.57
343
349.09
344.52
335.64
334.94
342.13
347.72
350.28
348.97
343.15
339.67
349.9
347.6
335.17
351.45
349.43
352.04
357.23
348.13
358.56
340.09
347.44
337.6
2.48
348.97
39.89
333.39
59.13
19.4
43.97
92.25
132.57
150.68
108.59
144.02
211.01
157.4
163.6
127.47
114.6
202.87
275.15
253.81
155.49
138.3
160.22
153.58
117.72
118.13
135.6
134.21
118.65
87.65
103.66
149.82
132.37
139.25
136.79
189.8
160.21
117.95
130.8
157.41
142.05
123.54
111.62
168.66
118.36
109.48
69.68
220.69
273.31
275.24
277.44
284.51
285.12
291.05
303.25
315.32
336.5
340.31
336.95
345.34
349
345.77
1.25
9.5
26.97
26.83
46.1
33.95
24.1
22.24
32.71
78.9
156.03
160.09
160.84
158.89
154.38
157.52
158.74
157.13
162.73
162.76
161.36
159.6
157.59
158.85
157.89
157.22
158.85
162.74
164
164.22
161.65
163.95
162.96
158.38
158
161.96
166.58
165.27
163.95
167.72
168.95
168.75
169.07
165.33
167.78
169.32
172.27
177.56
180.58
176.32
178.15
173.72
172.93
177.06
177.55
166.56
159.69
160.68
164.07
161.28
159.65
165.69
166.81
159.23
153.82
155.69
156.49
160.26
161.09
159.41
157.91
152.75
156.4
154.19
163.86
155.32
152.12
144.34
144.46
142.31
132.79
149.04
157.34
147.07
146.31
148.53
147.04
144.52
149.87
154.88
151.42
140.33
135.01
139.96
147.5
142.7
150.75
151.1
139.63
144.44
145.8
134.91
140.91
120.44
112.45
120.77
133.49
148.75
140.67
140.32
131.97
119.59
134.86
116.2
119.23
133.14
146.31
140.7
140.94
144.97
143.9
136.54
133.97
116.85
106.74
100.2
92.02
93.55
109.28
104.71
108.44
109.57
106.13
105.91
107.74
105.45
105.44
105.99
108.35
107.53
107.82
108.27
110.14
110.37
108.45
105.48
105.09
108.75
110.62
114.26
112.96
114.2
117.41
117.99
119.28
120.32
120.89
119.16
119.08
119.13
118.87
120.65
120.54
120.5
119.7
117.71
115.86
116.33
117.86
116.56
115.95
116.25
116.19
114.7
116
116.78
117.25
117.62
114.66
114.77
115.23
116.51
116.79
115.9
116.78
118
119.85
121.15
120.51
119.98
120.68
120.23
119
118.57
118.1
116.54
115.83
116.04
119.07
120.61
121.61
120.52
120.29
120.71
118.15
120.67
123.15
125.62
123.25
118.31
115.18
116.89
121.38
120.74
117.19
119.25
126.41
133.22
132.14
127.82
121.53
115.89
117.66
121.3
126.45
123.06
129.14
124.9
118.62
112.08
115.54
119.95
121.78
129.01
133.59
136.23
131.3
129.05
134.51
134.88
129.83
125.36
127.52
123.73
131.88
133.74
142.91
142.11
137.27
129.87
135.57
147.22
151.5
150.43
155.54
151.16
151.14
146.81
150.3
137.57
132.91
105.83
132.81
139.46
132.54
128.35
130.78
109.6
113.9
109.39
114.29
109.18
113.08
113.83
107.31
109.31
104.97
106.93
98.07
96.48
99.68
97
99.48
99.27
98.71
99.35
99.18
102.27
105.35
108.48
110.75
111.38
110.64
112.87
117.68
119.11
122.83
127.3
127.94
132.92
135.49
137.07
137.21
140.82
142.53
143.9
140.34
142.08
153.97
159.15
161.12
162.95
169.83
173.36
182.2
191.04
196.92
204.93
214.64
226.85
223.97
210.22
195.14
205.13
213.22
220.43
244.08
237.02
247.53
272.27
263.3
254.63
247.72
243.44
233
215.67
233.89
238.17
241.76
234.51
243.85
252.27
263.33
266.39
274.2
279.87
282.7
291.57
294.12
265.84
232.67
258.79
306.2
321.23
302.34
260.23
281.85
255.69
234.38
173.23
270
335.28
326.17
326.71
293.72
283.18
277.46
276.11
268.83
271.23
270.96
261.47
260.74
287
303.61
318.8
303.24
283.87
275.82
242.42
245.86
225.85
195.85
211.35
182.65
161.15
155.55
167.31
198.93
214.15
211.83
228.87
220.05
236.99
240.9
242.99
261.13
271.53
273.51
269.76
281.8
281.32
292.89
306.83
296.75
350.51
0.62
27.02
27.46
353.53
352.48
335.57
14.71
24.48
28.62
27.88
38.97
36.28
46.52
49.22
55.15
57.91
55.73
55.31
61.38
70.35
81.83
85.67
105.25
110.91
114.28
122.17
143.86
153.17
227.79
267.57
304.08
296.8
282.81
265.48
244.01
219.12
237.02
244.79
242.53
219.18
201.47
190.72
199.4
187.37
175.45
172.93
171.2
175.28
166.71
173.13
175.28
179.75
190
199.14
201.26
206.51
217.86
222.28
233.5
244.77
251.44
253.9
254.49
248.69
236.62
231.58
248.38
262.89
267.3
263.56
263.01
264.15
260.61
259.16
263.33
261.11
265.89
262.96
268.31
272.15
266.05
261.32
262.42
262.23
256.33
258.07
260.53
257
253.02
248.67
245.92
242.23
237.06
233.39
243.51
245.68
241.64
233.92
240.06
238.39
226.33
219.36
201.08
192.54
196.47
206.36
221.29
224.94
224.3
214.99
234.32
229.78
229.27
229.24
225.23
229.7
229.9
219.98
226.32
220.09
232.69
243.71
244.91
243.17
233.35
245.53
245.71
237.27
238.16
237.84
245.26
240.65
239.49
243.49
246.78
249.4
247.96
241.06
244.83
251.77
251.75
255.02
249.73
251
247.84
250.79
257.09
259.43
253.44
255.78
260.69
267.24
276.09
261.4
259.47
260.33
255.21
253.49
247.22
243.34
245.16
248.08
244.52
246.59
245.69
244.81
246.8
243.97
235.11
233.44
243.08
251.48
250.39
242.46
243.94
242.55
233.92
232.84
233.19
222.84
227.83
229.78
233.17
241.72
248.79
250.92
259.93
255.9
251.17
254.49
254.89
264.92
272.61
272.78
271.07
273.77
274.7
273.74
276.8
280.07
275.45
273.57
275.14
280.05
280.51
278.16
274.17
275.34
281.07
276.32
274.22
278.23
275.15
268.43
259.38
266.18
271.63
267.21
266.33
265.54
260.99
271
276.31
270.97
269.68
268.18
267.25
263.91
262.95
263.44
263.28
267.01
261.38
260.58
261.51
259.78
257.48
255.99
255.83
261.24
260.75
253.88
252.36
250.95
253.02
254.05
253.33
252.59
258.37
260
267.74
261.95
262.26
256.41
260.34
252.59
234.46
237.41
262.2
264.73
265.6
276.59
278.13
277.12
274.94
279.19
273.73
259.82
262.8
265.45
259.33
259.5
261.67
263
260.01
260.22
269.82
264.11
268.35
267.41
255.85
269.29
278.91
266.87
265.67
263.5
260.52
264.1
263.55
276.1
321.19
312.16
298.68
303.46
302.35
294.3
288.1
283.56
286.01
285.11
287.99
288.72
287.69
285.09
285.23
286.58
285.07
286.19
284.23
286.74
289.49
290.35
287.38
287.03
281.62
277.52
281.3
283.63
280.71
283.75
281.56
282.11
279.23
279.82
280.05
283.67
281.06
278.33
274.64
274.12
271.35
271.98
268.08
271.87
275.59
276.45
274.39
274.47
271.64
268.46
268.51
276.53
275.66
273.63
274.98
275.76
274.9
277.66
276.23
277.47
277.74
279.19
278.82
277.89
277.08
279.61
280.76
281.91
283.96
284
289.46
281.82
279.92
281.2
279.03
281.23
280.33
285.19
287.21
293.99
293.44
300.04
302.45
303.35
300.88
301.32
303.92
302.89
294.83
286.37
289.32
282.4
281.74
285.46
294.12
287.67
283.59
293.76
294.3
289.39
289.11
290.67
287.57
299.25
302.71
297.77
298.1
293.13
318.35
319.72
310.97
322.55
308.2
289.61
302.24
300.04
293.41
286.16
287.77
291.19
316.33
320.94
320.08
305.87
301.13
290.72
292.12
292.84
285.1
294.46
286.07
296.65
317.5
315.22
304.76
285.91
281.97
289.17
307.38
320.65
326.09
317.42
321.31
310.35
295.07
277.85
288.57
284.15
283.4
320.38
321.15
325.88
324.83
322.91
328.11
332.15
325.04
328.02
337.07
322.97
311.61
312.5
320.89
326.36
312.53
305.75
305.46
308.9
317.02
318.44
321.37
320.92
323.99
321.15
325.97
324.84
327.42
327.4
331.75
332
339.37
342.67
354.54
352.77
346.97
350.69
355.53
11.67
30.34
46.82
58.81
68.11
63.47
75.45
77.14
88.83
91.43
105.58
101.24
101.86
108.64
112.41
112.2
112.85
120.76
126.37
124.68
126.31
125.23
128.17
130.85
133.78
131.71
129.98
130.59
123.36
123.66
128.11
129.68
131.9
131.28
133.05
134.26
133.38
140.79
143.51
141.37
146.14
144.95
128.9
133.63
126.21
126.26
120.21
117.96
123.56
125.06
126.37
124.11
122.05
121.87
114.18
110.52
105.12
111.12
111.13
115.63
134.9
139.17
158.23
144.01
132.16
145.07
147.04
141.07
142.77
138.54
146.46
131.86
125.22
110.4
114.86
124.88
125.64
124.76
119.92
120.79
98.49
113.89
121.07
113.18
106.82
107.67
111.15
112.67
116.32
112.72
108.21
116.27
116.79
101.9
111.1
129.69
99.37
110.44
116.02
127.49
130.06
118.38
119.53
112.17
113.94
113.14
101.21
100.7
98.82
102.18
106.81
102.41
98.88
100.91
102.39
102.32
102.45
103.78
99.42
96.27
97.12
91.49
92.26
93.54
96.06
96.76
95.38
95.42
98.37
101.53
103.58
107.12
110.04
110.31
107.28
108.01
110.22
110.24
113.75
116.52
120.57
118.26
115.71
116.27
118.2
117.29
116
117.12
119.95
120.41
117.73
119.24
123.39
120.32
120.91
121.55
119.67
116.87
117.84
120.98
122.44
114.41
117
118.03
117.89
118.53
120.79
122.22
122.03
120.99
122.41
123.95
122.47
120.19
122.77
124.61
118.67
118.95
126.08
129.85
121.34
117.41
120.43
123.46
121.81
121.41
119.73
120.12
116.77
111.8
119.14
123.37
124.02
119.59
119.4
122.17
121.47
128.22
131.55
142.66
145.72
147.94
149.33
125.91
117.63
111.64
98.05
104.64
102.41
120.47
123.06
111.67
105.22
96.49
95.68
93.32
98.77
84.4
77.79
79.53
89.74
109.48
117.45
118.63
105.35
106.43
101.71
109.03
103.57
112.43
126.82
133.8
128.94
114.21
107.58
100.74
99.19
105.69
102.64
113.21
117.38
114.41
123.9
139.24
153.95
176.21
152.11
73.53
86.67
106.12
107.84
105.21
113.04
107.63
106.24
113.02
124.39
120.77
150.59
211.21
253.61
264.32
253.61
250.29
244.81
213.62
192.92
230.3
241.82
251.11
239.63
215.63
204.02
214.99
222.08
224.2
228.89
247.46
252.96
259.08
263.31
277.79
299.23
296.8
291.82
290.07
293.34
289.88
286.56
286.03
284.65
285.08
283.2
285.2
280.08
276.69
278.15
277.91
273.78
269.37
268.34
269.37
271.36
272.01
271.93
270.69
267.55
268.23
266.83
267.75
263.08
266.39
265.57
264.52
267.39
267.58
267.37
269.97
267.13
264.58
261.74
259.55
257.55
257.63
253.83
250.1
248.75
249.66
245.74
241.93
252
251.19
247.68
247.03
248.05
257.03
256.84
254.48
255.05
257.29
256.78
255.24
257.32
258.2
255.05
254.32
255.01
251.99
254.02
257.83
253.63
256.75
262.78
258.29
253.02
258.16
263.07
264.16
264.68
259.18
259.61
262.27
259.58
266.31
265.19
273.31
271.16
273.87
269.49
267.43
268.92
279.76
277.82
281.05
285.78
279.9
290.57
286.02
283.72
278.05
283.88
281.8
283.57
282.25
281.19
286.64
286.14
282.17
279.23
282.2
279.43
282.95
281.73
282.8
288.15
298.31
296.24
289.49
287.51
283.75
280.26
278.96
278.37
279.47
278.18
280.18
280.47
276.47
276.78
277.18
281.02
281.1
277.78
277.45
280.65
286.04
282.87
279.26
278.4
280.42
280.88
282.59
286.03
286.94
295.13
292.84
291
289.05
292.57
286.53
289.41
292.83
295.4
296.53
296.58
293.14
286.82
283.79
302.78
311.69
309.88
306.1
307.72
305.92
306.03
301.55
301.74
304.61
303.24
301.45
295.92
302.99
309.5
308.3
306.51
308.62
313.34
308.88
308.53
308.85
306.63
305.72
305.75
305.6
309.54
309.68
314.05
318.2
317.64
319.29
315.14
315.37
318.24
317.78
317.97
314.25
311.5
316.67
315.66
315.08
314.06
312.79
316.56
316.38
316.53
325.26
323.46
324.91
328.81
321.16
320.18
319.42
317.78
319.45
310.8
309.81
314.65
302.92
298.05
303.3
301.81
303.69
313.04
315.78
323.55
318.98
310.9
310.32
315.89
322.79
317.97
319.97
323.93
320.22
313.26
310.49
306.89
314.53
317.81
318.29
319.38
319.79
315.75
312.19
317.28
320.02
324.3
320.41
322.34
314.37
302.62
307.79
305.6
311.51
314.6
320.27
318.42
320.88
322.02
322.49
315.38
311.36
321.07
320.68
321.63
317.06
314.77
317.63
317.48
315.11
314.65
319.3
317.59
319.84
317.18
313.96
313.31
314.44
315.27
316.98
316.98
317.3
319.22
317.24
316.38
318.75
317.09
318.59
319.49
322.75
325.93
323.99
323.75
323.81
318.75
317.28
313.36
319.83
321.67
318.19
316.3
316.99
318.16
321.17
319.11
315.65
310.39
320.65
319.45
322.66
321.44
321.7
324.87
323.5
322.89
330.06
332.27
334.65
328.12
326.28
328.13
320.9
319.03
322.41
326.82
328.58
341.81
347
350.55
353.42
345.81
345.47
349.87
0.4
359.44
342.07
340.11
338.34
348.26
345.78
344.58
342.61
347.83
0.2
0.98
1.71
354.32
359.78
19.66
23.05
25.2
23.67
25.21
19.68
20.66
23.38
27.18
33.97
33.8
31.37
40.03
42.21
41.79
45.51
39.62
31.52
27.91
30.61
34.44
34.79
52.34
44.12
59.37
68.79
78.22
77.39
77.21
68.79
65.33
75.55
77.53
71.23
70.84
78.55
77.08
82.41
80.15
82.77
78.41
79.18
79.72
81.66
79.51
80.14
78.72
82.01
80.94
77.75
77.27
77.1
80.16
69.33
74.67
72.19
69.92
64.63
61.14
63.19
64.04
63.63
60.46
58.54
60.95
58.47
59.79
59.74
63.05
63.4
64.68
67.68
68.89
68.92
72.46
74.87
72.8
73.98
76.96
80.33
77.97
75
69
73.8
73.14
69.06
78.45
75.16
79.38
82.5
79.93
79.26
83.66
86.12
86.44
86.49
86
83.71
85.36
86.61
86.85
84.67
86.05
89.17
85.38
85.8
87.74
87.68
87.04
88.12
88.54
87.6
86.02
84.52
82.25
83.39
86.39
85.49
85.21
81.58
73.71
75.55
79.68
73.38
76.88
78.55
78.41
79.15
80.59
82.59
81.8
82.61
82.66
83.08
83.26
83.83
86.68
88.29
88.94
86.33
82.78
80.95
81.47
79.18
80.43
80.62
82.02
81.86
81.08
84.04
88.85
97.44
99.07
102.97
107.9
109.28
103.07
97.18
87.6
93.41
93.89
89.48
104.15
99.44
91.38
109.73
116.4
96.67
95.51
87.25
88.65
99.89
85.67
77.71
83.55
86.38
76.17
72.69
69.49
77.08
88.53
87.47
83.17
68.78
92.48
101.52
100.73
92.16
78.59
66.48
66.4
65.39
86.5
80.09
76.89
88.34
83.21
85.78
79.72
82.7
86.51
88.14
86.08
83.46
83.49
82.85
84.49
87.17
87.76
80.49
75.28
72.92
72.82
84.51
84.61
79.78
79.61
80.47
79.84
79.63
79.66
80.11
78.09
79.7
80.43
77.67
79.94
81.87
83.47
84.51
82.89
83.77
83.54
83.23
84.44
82.19
81.46
82.18
85.22
87.49
88.93
84.69
86.97
85.44
86.55
85.88
84.95
82.37
80.61
75.33
69.16
68.3
68.84
69.17
66.72
66.54
64.85
66.03
66.33
67.89
70.3
73.28
76.05
85.92
78.13
81.21
71.02
73.42
75.87
60.26
72.76
68.52
60.62
67.06
64.42
54.82
68.8
67.99
68.12
60.91
54.84
57.15
56.43
59.07
57.23
61.88
58.27
61.57
54.42
56.12
55.2
53.85
51.63
58.34
65.15
36.87
50.04
43.64
52.91
55.42
62.5
56.43
55.38
59.6
60.22
56.41
48.46
56
52.34
52.83
39.47
43.29
50.16
49.86
55.43
52.05
36.21
23.38
37.17
22.08
31.99
28.8
23.66
18.44
38.94
29.24
30.76
29.84
40.71
33.46
31.41
39.65
41.94
42.97
44.65
35.97
37.49
38.18
33.19
34.18
30.48
32.77
28.92
32.08
34.68
30.86
28.87
31.37
30.93
27.67
34.71
40.87
42.22
42.97
44.49
41.63
36.38
31.83
22.56
18.52
22.71
12.61
0.29
0.57
357.76
353.19
351.31
344.16
352.52
0.86
4.94
0.84
5.67
1.81
352.17
347.67
343.34
339.6
335.75
333.74
332.28
330.46
330.03
329.61
313.29
297.54
296.42
307.43
312.93
304.63
299.51
308.45
304.47
311.76
311.33
315.53
321.36
315.9
323.79
349.75
357.08
1.23
353.81
2.78
346.27
317.84
314.62
323.62
316.21
309.53
320.92
320.02
321.84
316.08
296.4
293
300.84
305.76
302.69
293.87
289.23
286.92
265.11
282.03
286.06
281.32
277.47
278.65
268.44
261.08
260.23
262.38
261.64
266.48
272.53
284.05
276.46
260.17
262.1
263.76
253.54
249.68
239.73
232.43
213.7
221.35
223.56
220.48
224.1
229.61
221.54
222.06
213.69
224.93
229
241.53
251.79
254.51
259.6
257.49
265.05
263.99
260.82
262.05
265.58
265.33
268.64
275.7
271.5
271.38
273.53
275.39
270.99
274.02
275.32
269.31
274.37
275.63
273.83
273.65
271.82
270.58
266.67
269.73
270.84
272.68
272.77
272.54
272.31
272.63
270.54
268.3
267.43
271.31
310.97
294.19
286.54
281.75
280.23
285.03
288.67
289.74
289.96
294.01
307.5
313.34
311.92
310.53
307.5
309.24
313.86
314
312.84
312.93
312.69
314.57
316.69
316.15
316.08
314.52
314.47
313.76
312.54
311.97
313.38
317.3
314.29
316.68
315.22
311.42
312.86
308.48
306.79
307.42
311.65
312.38
312.43
314.79
312.19
313.51
310.48
310.93
314.01
314.35
312.61
311.98
311.26
308.41
307.78
306.34
300.37
295.92
292.26
295.26
289.87
297.29
297.31
295.19
295.55
295.61
287.12
286.36
286.85
284.03
281.75
279.4
282.76
282.24
276.85
275.96
275.42
279.7
284.51
282.8
278.42
281.48
277.49
266.1
257.22
253.24
252.8
250.53
259.03
246.3
236.48
259.41
246.88
260.77
262.54
257.83
263.5
264.15
267.78
271.88
276.74
271.72
274.06
275.75
271.98
279.52
280.11
281.2
282.14
294.51
297.43
279.98
281.3
273.79
284.67
278.63
292.56
289.92
290.87
289.6
292.9
284.51
283.25
287.96
286.09
282.5
263.77
270.94
267.23
270
268.59
266.51
274.36
268.64
258.85
263.89
262.26
269.76
263.59
264.54
263.77
259.7
255.62
254.41
252.53
250.3
248.13
247.8
248.58
246.68
247.98
247.21
247.28
246.65
248.17
250.31
251.09
249.89
251.61
250.25
248.29
241.25
240.83
245.32
250.9
257.41
261.88
260.26
257.58
251.85
249.57
259.65
269.12
265.74
266.64
270.37
266.67
261.76
264.4
263.25
270.15
268.93
266.99
263.65
261.07
264.03
266.06
263.75
261.89
264.07
264.6
260.5
262.4
258.88
258.44
258.66
257.42
254.26
249.1
244.41
240.72
243.93
251.32
251.3
253.68
254
251.92
256.92
260.62
261.38
259.87
258.17
257.28
259.34
263.32
259.33
255.67
252.95
249.92
254.12
255.56
257.81
256.78
256.45
252.86
253.19
250.38
250.29
248.26
247.97
250.97
250.66
249.4
252.72
258.3
261.33
262.13
262.29
256.36
256.78
257.09
257.36
260.97
259.72
261.3
258.28
256.88
253.43
255.2
254.5
259.8
259.57
261.02
263.56
262.42
262.1
262.7
260.31
260.87
261.64
261.94
262.01
261.07
266.18
270.48
268.73
267.91
268.58
269.72
270.19
266.31
265.85
264.95
268.18
269.62
270.29
274.02
274.2
273.86
285.16
291.06
288.31
284.76
286.67
288.17
287.4
286.71
288.24
291.93
288.56
281.99
281.86
282.15
285.86
296.51
292.27
295.2
295.05
296.53
297.9
300.16
304.93
306.02
306.06
303.28
303.2
300.63
301.96
301.74
300.94
299.41
298.42
299.47
298.63
296.32
297.41
298.04
298.81
299.09
295.7
293.46
285.48
285.39
287.89
