4.4
3.88
5.02
4.75
4.05
4.42
5.41
4.44
4.06
3.14
4.45
3.66
3.76
2.6
3.06
3.41
3.11
2.24
2.35
2.91
2.9
2.93
2.84
2.84
2.6
2.61
2.65
3.07
3.4
4.01
4.66
4.78
4.82
5.88
6.02
5.73
6.58
6.67
6.98
7.68
7.57
7.35
7.44
7.52
7.22
6.32
7.64
7.25
7.14
6.21
6.67
7.1
6.81
6.98
6.56
6.25
8.52
7.5
6.84
6.71
7.67
6.94
5.02
5.84
7.92
5.86
6.92
8.32
7.61
7.52
6.04
5.96
5.57
5.32
5.35
5.29
4.05
6.45
6.2
6.81
8.94
8.5
7.12
5.87
5.37
6.92
7.96
7.33
6.25
7.08
5.26
6.31
5.24
5.92
6
5.79
5.96
5.1
5.94
5.79
6.55
6.45
6.6
6.82
10.14
10.44
10.35
9.65
8.02
8.48
8.23
8.57
8.76
8.53
7.81
6.77
6.91
5.59
6.11
6.63
6.83
6.75
7.12
7.15
8.16
8.93
10.53
8.2
8.39
7.59
9.05
8.69
7.83
8.79
8.74
8.68
8.88
7.8
8.54
7.33
6.69
7.52
9.89
8.1
7.91
8.51
8.92
8.58
8.94
8.89
7.4
8.46
9.85
7.83
7.57
7.85
8.72
7.77
8.27
8.46
7.83
7.58
8.06
7.03
7.81
8.16
6.58
5.74
6.38
6.42
6.1
6.85
7.16
6.71
7.81
7.3
7.24
6.69
7.63
7.48
8.28
6.73
7.51
6.93
7.34
7.04
6.45
5.62
7.04
6.64
6.28
6.87
7.47
6.99
6.6
7.3
6.94
7.44
7.11
9.12
7.47
6.63
8.04
7.84
7.5
8.81
10.15
9.96
10.15
8.92
7.22
7.86
8.8
8.54
8.01
7.93
6.9
10.09
8.39
8.28
8.34
10.11
10.03
6.94
6.31
6.75
7.03
8.95
10.17
8.61
9.49
8.38
7.6
7.49
8.97
8.79
8.96
9.61
10.67
9.66
9.06
8.32
8.76
10.02
9.79
8.65
9.98
9.56
9.57
9.82
9.61
8.68
9.36
11
11.72
9.73
8.79
7.77
9.34
10.38
9.04
7.89
7.4
6.05
5.56
5.93
5.9
6.37
5.91
5.54
5.87
4.9
4.07
5.17
6.22
6.32
6.14
5.45
4.94
5.51
5.65
5.8
5.85
5.69
5.6
6.13
5.52
6.54
6.53
6.4
5.59
5.05
5.18
5.63
5.78
4.68
5.02
5.69
7.39
5.56
5.88
5.69
4.81
6.71
4.74
5.37
5.41
6.4
6.19
6.08
5.82
5.71
5.41
4.78
5.31
5.19
5.5
4.88
4.28
4.92
5.19
6.2
5.88
6.09
5.29
5.31
5
5.18
5.29
5.49
6.64
6.56
6.1
6.55
6.87
6.99
6.87
6.68
6.59
6.34
6.6
6.04
5.43
6.1
6.37
8.32
7.96
7.19
5.59
6.61
6.19
6.85
7.07
7.25
7.19
7.97
6.7
7.09
7.69
7.01
7.26
6.95
8.2
8.46
7.54
7.77
7.75
6.57
6.9
6.42
6.57
8.48
7.44
7.42
6.1
6.76
6.01
6.17
7.66
7.57
7.18
7.22
6.25
6.51
5.74
6.44
7
6.35
6.69
5.82
4.83
5.21
6.2
5.8
6.78
6.97
5.93
4.39
3.94
4.14
4.57
4.44
5.41
4.71
5.35
4.58
4.61
4.75
4.7
5.38
5.14
5.12
4.92
5.24
5.73
6.45
5.65
5.67
5.35
6.32
6
5.55
5.31
5.95
7.18
6.98
6.58
6.71
6.64
7.74
7.64
6.61
5.65
5.77
7.09
6.21
5.71
6.42
6.24
6.83
6.52
4.97
6.4
6.52
7.38
7.02
7.06
6.74
7.27
7.1
7.77
7.81
7.48
7.48
7.25
8.12
7.01
6.93
5.92
6.98
7.26
6.16
5.54
5.72
6.38
6.01
5.55
5.29
5.97
5.87
5.69
6.34
5.8
7.07
5.81
5.27
5.82
6.05
5.29
5.72
6.01
7.21
7.09
5.17
5.22
4.98
5.6
5.34
5.52
5.33
6.25
6.11
5.2
4.78
4.46
4.61
4.61
4.06
4.1
5.65
5.88
5.64
6.32
5.28
5.28
5.68
4.73
5
4.17
4.55
4.32
3.47
5.57
5.7
4.96
4.25
4.29
3.48
2.82
2.92
3.5
2.78
3.46
2.71
3.7
4.1
5.01
4.57
3.83
4.6
6.54
4.42
5.56
4.98
5.25
5.47
5.11
4.77
4.99
6.07
6.69
5.57
6.55
6.67
6.66
5.75
5.96
5.28
5.8
4.96
4.49
4.24
3.81
4.86
6.3
6.62
5.76
4.74
4.6
4.23
5.23
5.05
4.22
4.07
3.4
3.79
3.65
3.87
3.52
3.9
3.82
3.05
4.21
4.71
3.79
3.93
2.49
2.7
2.49
2.97
2.81
2.79
2.95
2.27
2.93
3.4
2.82
2.48
2.48
2.59
2.38
2.19
1.56
1.94
2.17
2.13
2.33
2.52
2.57
2.34
2.21
1.83
2.03
1.43
1.86
1.62
1.66
2.21
2.53
2.7
2.5
1.99
1.16
1.23
1.83
2.1
1.46
1.21
1.58
1.43
1.65
2.01
2.43
2.82
2.74
1.61
1.76
1.99
2.13
2.32
1.93
2.12
2.32
1.93
2.25
1.8
2.34
2.12
1.86
1.94
2.28
2.8
2.85
3.06
2.76
2.79
2.67
2.91
3
4.61
5.33
4.82
5.31
5.01
6.04
7.55
6.18
7.27
5.88
6.05
6.22
5.74
5.98
5.84
6.01
6.38
5.33
4.19
4.85
5.41
6.19
4.71
5.68
5.25
4.68
3.39
4.2
4.01
4.72
5.25
4.3
3.67
3.95
4.08
3.94
5.29
5.37
5.58
4.54
4.97
4.64
4.43
4.84
4.76
4.49
4.29
3.67
3.06
3.01
3.13
2.65
3.55
3.26
3.23
2.99
2.81
2.49
2.28
2.51
2.85
3.2
3.43
3.47
2.96
2.48
2.07
2.55
1.99
2.23
2.39
2.6
2.68
2.62
2.33
2.4
1.97
1.59
1.06
1.4
1.51
1.4
0.95
0.63
0.8
0.6
0.35
0.45
0.38
0.39
0.88
1.03
1.3
0.94
1.01
0.73
0.85
1.31
1.28
1.66
1.37
1.55
1.43
1.24
1.19
1.23
1.53
1.49
1.2
0.93
1.13
1.16
1.34
1.36
1.73
1.59
1.77
1.6
1.71
1.5
1.77
2.05
2.06
1.43
1.2
1.55
1.64
1.77
2.05
2.47
2.55
2.5
2.88
2.46
2.13
2.48
2.58
2.73
2.91
2.86
2.62
2.72
2.59
2.86
2.91
2.84
3.25
3.51
3.05
2.52
3.15
2.25
2.95
3.1
3.03
3.17
3.58
3.04
2.75
3.12
2.89
2.67
2.28
3.56
3.78
3.02
2.16
2.68
2.5
2.07
2.46
2.62
2.49
2.88
2.94
2.12
3.01
2.52
2.26
2.35
2.45
2.43
2.72
2.59
3.3
3.44
3.4
3.63
3.94
3.79
3.07
3.18
2.9
2.84
2.89
3.07
3.22
3.32
3.24
3.22
3.26
3.17
3.14
2.9
2.96
3.38
3.78
3.86
4.12
4.45
4.04
4.18
4.48
4.18
4.31
4.36
4.13
4.61
4.53
4.54
4.49
4.48
4.86
4.6
4.26
4.21
4.05
4.01
4.69
4.02
3.89
4.55
4.67
4.89
4.62
4.64
4.99
5.74
5.25
4.97
4.54
4.84
4.63
4.23
4.75
4.79
4.74
4.67
5.2
4.93
5.03
4.82
4.66
4.26
4.25
4.28
4.21
5.49
4.77
4.27
4.32
5.06
4.68
4.22
3.87
4.14
4.44
4.2
4.59
4.22
4.99
5.63
4.55
4.66
5.66
5.5
5.42
4.85
5.72
4.76
4.62
4.05
3.71
3.32
3.93
3.77
4.08
3.25
3.49
3.64
3.59
3.4
3.71
3.34
3.33
3.78
4.18
4.04
3.88
4.41
5.08
4.03
3.12
3.54
4.07
4.67
4.36
2.96
3.1
2.92
3.2
4.38
3.73
4.3
4.95
4.46
3.8
3.52
3.11
3.47
4.09
4.22
4.57
4.26
4.68
5.25
5.13
4.88
6.25
6.08
5.55
5.27
4.66
4.67
4.01
3.25
3.19
3.58
3.56
3.6
4.01
4.15
4.04
3.76
3.65
3.7
3.72
4.46
4.14
4.2
4.18
4.07
3.64
3.27
2.95
2.85
3
2.68
2.35
2.16
2.14
2.02
1.89
1.57
1.72
1.61
1.42
1.75
2.08
2.33
2.39
1.99
2.13
2.48
2.53
2.04
2.42
2.11
1.82
1.5
1.71
1.78
2.01
2
2.49
2.24
1.96
1.98
1.71
1.66
1.79
1.75
1.76
1.92
1.87
2.09
2.2
2.62
3.57
3.82
4.16
4.24
4.77
4.75
5
5.73
4.57
4.42
4.75
4.93
5.4
5.28
6.04
6.48
6.25
6.55
6.65
6.15
7.22
5.5
5.62
5.38
5.61
6.06
5.45
5.67
5.97
6.55
7.21
7.11
7.37
7.39
6.61
8.87
8.76
8.18
6.06
5.59
6.74
6.96
8.25
6.64
6.35
7.45
7.16
7.35
7.98
6.59
6.52
6.49
6.2
6.99
7.57
6.52
5.19
5.72
6.36
5.95
5.84
6.47
4.17
2.99
4.57
3.17
2.79
3.47
4.52
3.83
3.05
2.86
2.65
2.17
2.47
2.84
2.94
2.67
3.05
3
2.88
2.85
2.06
2.17
1.93
2.32
2.08
2.42
2.5
2.78
2.31
2.8
3.2
2.8
3.39
3.34
4.06
4.68
4.63
4.5
4.5
4.01
4.33
4.38
3.99
3.93
4.29
4.32
3.81
3.48
3.57
3.52
3.67
3.93
3.97
3.97
4.04
4.32
4.49
4.89
5.13
5.12
4.6
4.7
4.66
4.7
4.56
4.49
4.41
5.01
5.18
5.04
4.88
4.22
4.48
4.46
4.24
3.73
3.52
3.41
2.93
1.75
1.98
2.54
2.45
2.19
2.77
2.35
1.68
1.52
2.65
2.3
2.89
2.67
3.27
3.76
4.03
3.54
3.77
3.29
3.23
3.2
2.83
3.65
3.97
3.47
3.96
3.99
3.92
2.42
3.06
3.61
3.36
3.08
3.09
3.83
4.37
4
4.21
3.13
4.69
3.59
4.38
4.4
3.48
3.76
3.81
3.66
3.56
3.16
4.36
3.92
3.66
4.69
3.88
4.71
2.94
4.71
4.12
3.97
4.18
4.13
4.11
2.48
3.94
3.72
4.25
3.61
4.32
3.67
2.62
3.23
3.14
2.82
3.15
2.67
2.33
2.21
2.55
2.48
2.71
2.59
2.23
2.08
1.93
1.75
1.53
1.57
1.7
1.66
1.81
1.86
1.56
1.63
1.64
1.9
2.01
2.05
2.01
1.95
1.85
1.79
1.46
1.08
0.66
0.32
0.28
0.58
0.68
0.82
1.19
1.42
1.37
1.18
1.07
0.65
0.75
1.02
1.08
0.93
0.94
1.13
1.37
1.5
1.59
1.89
2.22
2.61
2.75
2.86
2.74
2.46
2.69
2.39
2.63
2.37
2.17
1.81
1.9
1.92
2.04
2.16
2.67
2.65
2.68
3.13
3.01
3.71
3.66
3.31
2.9
3.03
2.85
3.44
3.52
4.39
4.32
4.22
4.15
5.12
5.56
6.29
5.92
6.8
8.47
7.89
7.75
7.81
7.02
7.58
6.7
7.79
9.76
10.46
8.95
8.55
8.24
7.98
7.28
8.31
7.84
8.77
10.04
9.95
8.6
9.9
9.91
9.8
7.6
9.5
6.55
7.78
9.44
11.09
9.36
9.73
11.25
7.41
9.96
9.24
9.63
8.45
7.51
8.8
8.17
8.15
7.63
9.01
8.65
8.72
9.63
8.22
6.99
8.06
9.2
8.6
8.86
8.06
6.86
6.85
6.2
7.05
7.08
6.31
6.54
8.42
7.49
8.16
8.35
7.44
7.62
7.66
6.59
6.99
6.79
7.93
8.33
7.82
7.67
8.03
7.82
7.68
7.6
5.39
5.52
6.03
4.91
4.04
5.85
5.53
5.64
5.41
6.35
6.54
7.03
6.88
6.29
6.49
7.52
7.87
7.44
7.14
6.18
7.5
7.52
7.06
6.97
5.73
6.15
4.49
4.98
5.41
5.46
4.89
4.74
4.27
3.93
4.59
5.25
4.57
4.1
3.3
4.59
4.08
3.44
4.29
4.15
3.38
3.75
3.37
3.84
3.8
4.52
3.69
4.34
4.37
5.71
5.38
5.32
6.45
5.28
4.4
5.37
5.5
5.87
4.9
5.99
4.9
5.57
4.97
6.02
6.84
5.69
7.04
5.48
6.27
5.17
6.13
5.62
6.33
6.59
6.13
6.6
4.33
4.23
4.89
3.58
7.67
5.69
5.01
5.28
6.08
8.21
5.32
5.08
5.44
6.35
6.57
6.71
6.27
4.32
4.45
4.46
5.76
5.98
6.2
6.14
6.87
4.15
4.62
4.33
5.82
5.2
3.33
2.65
3.57
4.07
4.35
4.02
3.56
3.31
2.75
3.14
3.61
4.36
4.51
3.94
4.29
3.17
4.59
4.19
5.44
5.29
4.9
5.64
4.46
5.51
5.89
4.57
5.64
5.55
5.52
7.14
7.73
6.38
6.8
6.36
6.27
6.45
5.66
5.57
5.95
5.99
5.9
5.61
5.51
6.02
5.44
5.21
5.4
5.49
5.61
5.74
6.48
6.12
5.98
7.36
7.58
6.4
7.32
6.8
6.72
6.95
7.55
6.89
6.81
6.51
6.56
7.13
7.61
7.25
6.89
7.17
8.21
8.41
8.29
7.41
7.17
7.38
6.79
5.8
7.17
6.21
6.47
6.65
5.79
6.23
5.74
6.61
6.7
5.6
5.29
6.03
5.6
5.45
5.05
4.51
3.37
4.03
4.43
3.88
3.99
4.44
4.11
3.89
3.41
3.24
2.81
3.84
2.67
3.34
2.94
2.46
2.64
4.36
3.06
4.04
3.65
2.7
3.82
4.02
5.61
5.75
4.31
5.17
5.07
5.39
3.37
2.96
3.28
3.21
3.24
3.33
4.98
4.2
5.24
5.42
7.45
5.56
5.02
4.49
4.17
5.62
5.81
5.55
6.8
4.62
5.39
4.8
6.73
6.14
5.53
5.04
5.4
4.93
4.56
3.24
3.83
3.84
3.71
2.8
2.73
2.35
2.11
1.59
1.04
1.24
1.37
1.43
1.43
1.36
1.33
1.33
1.36
1.35
1.79
1.9
1.7
2.02
2.27
2.38
2.09
2.02
2.62
2.51
2.83
2.89
2.17
2.3
2.42
2.24
2.09
1.61
1.66
1.56
1.27
0.97
1.41
1.65
1.03
1.73
1.26
0.67
1.02
1.29
0.9
0.43
0.59
0.9
0.78
0.79
0.99
1.1
0.87
0.82
1.05
0.63
1
0.44
0.79
1.05
1.83
1.74
1.6
1.93
1.3
1.75
1.82
2.23
3.21
3.46
3.45
3.23
2.96
2.65
2.21
2.08
2.63
1.83
2.14
1.85
1.9
1.73
1.82
1.82
2.13
2.24
2.03
1.95
2.49
2.32
2.29
2.14
2.61
2.6
2.46
2.76
2.87
3.03
3.27
3.08
2.79
2.72
3.61
3.26
2.84
3.56
2.64
2.91
2.86
3.36
3.34
2.45
2.11
2.16
2.68
2.51
2.35
2.97
3.24
3.34
2.92
2.87
2.94
2.92
2.79
2.91
2.71
2.88
2.74
2.71
3.33
3.4
2.37
2.19
2.18
2.06
2.17
2.08
2.15
2.28
2.63
2.35
2.98
3.48
3.78
3.91
4.62
4.31
4.17
3.67
4.38
3.85
4.28
4.3
4.39
3.98
4.06
4.5
4.72
4.46
4.62
4.32
4.39
4.1
4.24
4.27
4.08
4.52
4.95
4.37
4.41
3.96
4.03
4.22
4.15
4.35
4.47
3.68
4.13
4.32
3.51
3.35
3.84
3.83
4.21
4.15
4.37
4.04
4.14
3.93
4.2
3.85
3.99
4.01
4.24
4.38
4.18
3.91
3.69
3.49
3.68
3.21
4.09
3.91
3.4
3.66
3.65
3.31
3.57
4.05
3.81
4.03
4.14
3.57
3.82
3.76
3.44
3.25
3.99
3.66
3.73
3.14
2.89
2.75
3.41
2.63
2.66
2.52
2.25
2.15
1.83
1.44
1.79
1.92
1.64
1.76
1.59
1.63
1.76
1.42
1.36
2.85
4.57
5.35
4.72
4.13
4.73
5.3
5.57
5.6
4.32
4.42
5.44
4.41
4.26
4.86
4.64
3.79
4.37
4.86
6.87
6.38
6.02
4.51
4.68
4.83
4.82
3.46
3.21
3.94
3.5
3.1
3.61
3.41
3.05
2.89
2.51
3.76
5.18
4.91
4.62
3.84
3.12
2.6
2.04
2.88
2.36
2.24
2.87
2.94
3.31
3.25
2.66
3
2.86
2.87
2.69
2.89
2.83
2.39
2.29
2.39
2.41
2.12
2.55
2.43
2.08
2.57
2.78
2.57
2.25
2.27
2.44
2.35
2.12
2.16
2.09
2.2
2.04
1.71
1.61
1.71
1.55
1.72
2.26
2.81
3.39
3.57
3.03
2.56
2.15
2.36
2.06
2.06
1.76
2.02
2.41
2.39
2.65
2.37
2.4
2.3
3.12
3.46
2.61
3.02
3.19
3.57
3.13
3.63
3.29
3.24
3.47
2.95
3.34
3.43
3.28
2.59
2.8
2.8
2.7
2.44
2.04
2.21
2.39
2.48
2.47
2.43
1.87
2.14
2.51
2.51
2.46
2.33
2.23
2.21
2.85
4.43
3.15
3.3
3.54
3.64
3.78
2.94
2.66
2.97
2.34
2.61
2.09
2.27
2.51
2.15
2.27
3.18
3.6
3.67
3.68
3.46
4.15
4.02
4.93
3.57
2.22
2.91
2.72
2.91
2.71
3
2.42
2.44
2.66
2.6
2.15
2
3.87
3.22
2.26
1.84
1.95
1.79
2.43
2.82
3.23
3.12
2.87
2.75
3.28
3.21
2.9
2.54
2.48
2.15
2.02
1.91
2.06
1.85
1.58
1.13
1.3
1.16
1.14
1.25
1.35
1.03
0.98
0.92
1.06
1.24
1.16
1.23
1.51
2.21
2.57
2.91
3.36
3.11
3.33
2.07
1.5
1.63
1.81
1.84
1.65
1.37
1.9
2.04
2.05
2.63
2.53
3.17
3.34
4.05
4.29
4.05
3.99
4
3.83
3.98
4.28
4.46
4.22
4.52
4.09
4.02
3.51
3.78
3.71
4.15
3.93
4.03
3.52
3.42
3.83
4.29
4.35
4.22
3.64
3.87
3.75
3.56
3.6
3.39
2.99
2.98
2.69
2.26
2.29
1.95
1.84
1.58
1.56
1.37
1.94
2.4
2.51
2.67
1.77
2.18
2.41
2.18
2.55
2.7
2.12
3.82
2.38
3.05
2.9
2.8
2.63
3.42
2.69
3.31
3.01
4.1
3.7
3.16
3.15
4.32
2.24
2.89
2.62
2.9
2.37
3.84
3.06
2.45
1.69
2.63
3.97
2.53
2.38
2.74
2.27
2.22
3.34
2.21
2.74
3.74
3.79
2.68
2.69
2.86
2.69
3.08
3.79
5.59
6.22
5.65
6.81
4.82
6.48
5.21
3.84
4.39
4.52
4.11
4.05
4.36
5.57
5.06
5.79
6.17
4.75
5.62
6.59
5.82
4.89
4.6
5.02
4.92
5.5
3.9
4.3
4.44
4.04
4.1
4.75
4.49
4.82
5.88
5.15
3.62
3.79
4.43
4.22
4.33
5.37
5.59
5.09
5.44
5.24
5.4
5.68
4.48
3.55
4.56
5.12
4.76
5.02
4.72
4.26
4.37
4.96
4.1
4.17
3.35
4.56
3.28
3.91
3.81
4.55
3.63
3.72
5.2
5.36
3.98
4.55
4.65
3.6
3.99
4.16
4.3
4.98
4.07
3.55
4.27
3.71
4.66
4.36
4.84
4.75
5.24
4.83
5.41
4.23
4.23
3.53
3.64
4.37
4.02
3.87
3.92
4.15
4.51
4.64
4.68
5.06
5
4.41
4.36
4.84
5.15
5.45
5.05
5.36
5.22
5.22
5.33
5.15
5.27
5.06
5.61
4.18
5.71
5.47
5.96
5.47
5.14
5.36
5.43
5.42
5.75
5.56
3.83
4.98
5.43
5.59
5.85
5.52
6.59
6.78
6.5
6.23
6.25
5.75
5.38
5.85
5.77
5.81
5.68
6.35
5.14
5.56
5.85
5.03
5.31
4.96
5
6.13
6.56
7.43
6.15
5.72
4.66
5.31
5.5
5.56
5
4.86
5.54
4.7
4.54
5.81
4.68
4.07
5.09
4.82
4.84
5.21
4.75
5.21
5.38
3.63
3.78
4.16
4.36
3.99
3.44
3.45
3.35
4.29
3.65
3.6
3.9
3.69
3.03
3.85
3.95
3.5
4.06
3.72
3.18
3.5
3.41
2.74
2.71
2.63
2.66
2.28
1.61
2.24
2.53
3.19
3.06
3.23
2.91
2.71
2.82
2.72
1.97
1.71
2.22
2.49
2.48
2.55
2.46
2.53
2.4
2.26
1.93
2.06
1.93
2.16
1.72
2.21
2.24
2.39
2.36
2.39
2.32
2.29
1.9
1.91
2.34
1.97
2.25
3.31
3.07
3.03
3.53
3.93
3.45
3.62
3.99
3.34
3.2
3.05
3.69
2.71
2.23
2.63
2.61
2.67
2.51
2.15
1.84
1.82
2.28
2.3
2.5
3.28
2.81
2.49
2.63
1.59
2.08
2.73
2.8
2.99
3.43
3.27
2.94
2.37
2.21
1.9
1.34
2.13
2.8
2.34
3.18
2.96
2.83
2.39
2.95
2.23
2
2.68
2.27
2.55
2.74
3.19
3.02
2.83
1.72
2.33
2.54
2.48
2.86
2.16
1.67
1.6
2.03
2.53
1.9
2.35
2.34
2.12
2.76
2.04
1.81
2
2.11
1.97
2.05
2.15
2.75
2.12
2.51
2.55
2.46
2.08
1.94
2.87
2.84
1.75
1.1
1.01
1.49
1.91
2.19
2.28
2.5
2.39
2.35
2.48
2.62
2.97
3.28
3.22
2.89
2.92
3.27
3.3
3.52
3.77
3.45
3.27
3.12
3.28
3.25
2.77
3.31
3.75
3.86
3.98
3.94
4.14
4.15
3.67
4.11
3.9
4.22
4.65
4.96
4.59
4.15
4.47
4.65
5.14
4.03
4.9
6.21
5.51
6.06
5.93
7.18
6.57
4.95
6.41
6.61
5.35
6.34
6.21
5.9
6.54
6.31
6.42
5.47
5.89
6.06
6.28
5.23
5.69
5.87
6.1
6.7
5.52
5.83
6.09
5.95
6.73
6.08
6.35
6.5
5.19
5.83
5.17
5.98
5.33
5.95
5.52
7.23
6.27
6.35
7
7.1
6.82
6.17
7.1
5.71
5.44
6.68
5.78
7.09
6.08
5.68
6.13
6.37
7.06
5.8
6.09
6.36
5.98
5.73
4.83
5.34
5.06
5.82
6.79
4.93
6.11
5.78
6.24
5.38
4.66
5.8
6.06
7.17
7.03
7.28
6.45
6.03
4.44
6.23
5.05
4.64
4.86
5.22
3.79
4.54
5.21
5.27
5.08
5.47
5.67
5.33
5.46
4.68
4.53
4.49
4.52
4.08
4.41
3.62
4.03
4.37
4.02
4.46
4.51
4.17
4.33
3.89
3.81
3.44
3.24
3.27
2.81
2.58
2.48
2.61
3.16
1.83
2.06
2.28
2.7
3.43
3.35
2.86
3.17
3.06
3.01
4.16
4.96
3.83
3.93
4.42
3.37
3.46
4.11
4.88
3.93
4.15
3.96
3.99
3.65
4.35
3.64
3.38
4.54
4.13
4.43
4.17
4.14
4.14
2.82
2.34
2.99
3.73
3.71
3.73
3.6
3.75
3.07
3.98
2.99
2.71
2.19
1.8
2.03
2.82
2.56
2.12
1.05
1.87
1.7
2.68
2.02
1.99
4
3.78
2.57
2.01
2.62
1.37
2.12
1.81
1.99
2.4
1.58
2.54
2.08
1.77
0.83
2.48
1.57
1.96
2.27
1.36
1.2
0.8
1.3
2.66
2.01
1.56
0.89
1.31
2.15
2.43
2.47
3.08
5.13
5.59
5.11
4.46
4.77
4.58
4.72
4.28
4.86
4.96
4.62
4.9
4.78
4.23
4.02
4.56
3.93
3.92
3.94
3.69
3.56
3.94
3.97
4.4
4.92
4.98
4.92
4.8
4.5
4.52
4.43
3.94
3.84
4.65
4.54
4.27
4.59
3.84
2.45
2.49
2.62
2.66
1.94
1.53
2.28
2.73
2.55
3.06
2.78
3.25
3.31
3.41
3.36
3.92
4.14
3.81
4.11
3.6
4.05
3.49
3.44
3.19
2.99
2.13
2.36
2.57
2.94
3.24
3.1
2.93
2.91
3.64
3.27
2.96
2.85
2.89
3.08
2.95
3.02
3.63
3.17
3.4
2.76
2.45
2.28
2.26
2.8
2.54
2.85
3.21
3.46
3.25
2.13
2.04
2.55
2.32
2.18
2.47
2.03
2.03
2.7
2.93
3.28
2.73
2.23
2.44
2.18
2.23
2.48
1.95
1.39
1.8
2.48
2.27
1.66
2.24
3.04
2.39
1.77
2.55
2.15
2.69
3.01
4.09
3.54
2.8
3.34
3.1
3.63
4.61
3.34
2.54
4.09
4.64
4
3.43
3.6
4.14
3.67
3.3
3.06
3.06
2.9
2.68
2.73
2.77
2.83
2.51
2.68
2.49
1.95
2.08
2.02
2.31
2.52
2.32
2.45
2.21
2.19
2.44
2.31
2.39
2.28
2.23
2.13
2.27
1.79
1.93
1.7
1.5
1.41
1.36
1.13
1.17
0.66
1.16
0.88
0.62
1.05
0.74
0.8
1.85
2.12
1.63
1.16
0.61
0.3
0.31
0.3
0.45
0.77
1.23
1.06
0.98
0.65
0.48
0.37
0.16
0.37
0.44
0.57
0.67
0.67
0.49
0.54
0.46
0.4
0.4
0.47
0.33
0.41
0.5
0.48
0.46
0.51
0.36
0.24
0.67
0.33
0.44
0.62
0.72
0.71
0.87
0.89
0.83
0.78
0.71
0.58
0.56
0.98
0.57
0.74
0.68
0.79
2.04
2.67
2.5
2.74
2.97
2.57
2.41
2.63
2.84
2.66
3.62
3.15
3.04
3.41
3.25
3.21
3.16
3.14
3.15
3.59
3.85
3.68
3.41
3.65
3.94
3.98
2.98
4.07
3.09
3.91
3.49
2.79
3.26
3.2
2.56
2.2
1.73
1.8
1.79
2.36
2.32
1.87
2.88
3.58
4.04
3.67
3.27
4.2
4.17
3.83
3.95
4.24
4.24
3.97
4.87
4.76
5.13
4.06
3.61
3.95
3.23
3.52
3.29
3.56
3.74
3.13
2.75
2.6
2.53
2.59
2.39
2.39
2.71
3.15
3.01
3.06
2.25
1.95
2.33
2.63
2.63
2.57
1.44
1.83
2.6
3.13
3.08
2.42
2.17
2.24
2.53
3.02
2.81
2.92
2.33
2.15
2.82
2.47
1.98
2.1
2.05
1.6
1.74
2.46
2.38
2.02
2.21
2.5
2.82
2.57
2.5
2.3
1.82
2.02
1.72
1.27
1.36
2.18
1.97
2.2
1.6
1.74
2.33
2.41
1.97
1.82
1.66
1.72
1.75
1.64
1.52
1.27
0.94
1.26
0.87
0.95
0.96
0.96
0.9
1.09
1.6
1.03
0.89
0.57
1.11
0.79
0.83
1.01
1.25
1.57
1.19
1.22
1.67
0.75
1.17
1.45
1.19
1.52
0.68
0.68
1.33
1.16
1.33
1.76
1.72
1.46
1.46
1.28
1.38
1.46
1.38
1.1
1.07
1.11
1.56
1.11
0.72
0.71
1.24
1.77
1.87
1.92
1.74
1.49
1.31
0.77
1.02
0.92
0.73
1.04
2.8
3.39
2.7
2.88
3.1
2.96
2.91
1.82
2.33
2.14
1.45
1.29
0.7
0.32
0.37
0.49
0.44
0.46
0.48
0.8
0.45
0.45
0.37
0.82
1.07
1.25
1.25
1.53
1.62
1.88
2.79
3.2
3.03
3.64
3.72
3.95
3.62
3.37
3.65
3.74
3.4
3.14
3.5
3.03
2.88
2.98
3.02
2.75
2.75
3.03
3.06
3.15
3.14
2.98
3.08
3.26
3.46
3.57
3.75
4.33
4.46
3.92
3.71
3.53
3.9
3.88
3.82
3.64
3.76
3.54
3.62
3.18
2.74
2.58
3.18
3.05
3.29
3.29
3.31
3.46
3.11
3.09
2.6
2.23
2.07
1.49
1.52
1.43
1.47
1.47
1.66
2.1
2.28
2.2
1.82
2.62
2.54
2.45
2.62
3.11
2.96
3.73
3.5
4.04
3.7
2.94
3.36
3.5
3.02
2.84
2.28
2.34
2.77
2.79
2.24
1.9
1.75
2.38
2.56
2.71
2.36
2.93
2.15
3.29
3.39
2.98
3.04
2.42
3.13
3.47
3.3
3.76
3.7
3.48
3.65
3.71
2.92
3.92
3.79
3.44
4.46
4.76
4.74
4.09
3.58
3.55
3.78
3.65
4.14
4.04
3.64
3.48
3.73
3.83
4.11
4.33
4.37
4.41
4.25
3.78
3.62
3.93
4.21
4.31
4.35
4.75
4.68
4.74
4.7
4.53
4.18
3.94
4.05
4.27
4.41
4.6
4.38
4.18
4.17
4.24
4.16
4.09
3.94
3.75
3.54
3.97
3.94
3.98
3.73
3.77
3.79
3.84
3.85
3.82
3.91
3.82
3.69
3.37
3.06
2.86
2.62
2.28
2.34
2.06
2.15
2.24
2.22
2.09
2.26
2.79
2.93
2.78
2.91
3.14
2.99
3.09
2.7
2.24
2.16
2.06
1.86
1.49
2.05
2.35
3.06
2.37
1.82
1.79
2.56
2.78
2.13
1.58
1.49
1.42
2.16
2.13
3.17
2.97
2.85
2.75
3.29
2.83
2.48
2.49
2.81
3.16
4.25
4.2
4.01
3.4
4.23
4.42
4.19
4.07
4.3
4.27
3.78
4.13
4.23
3.62
3.93
3.68
4.61
4.27
4.01
4.19
3.87
4.17
4.27
3.66
4.15
3.2
3.07
3.6
3.28
2.94
3.16
2.92
2.53
2.98
2.82
2.83
3.1
2.52
2.45
2.55
2.62
2.79
2.66
3
3.54
3.51
3.48
3.73
3.77
3.73
3.59
3.8
4.02
3.9
3.73
3.8
3.61
4.05
4.49
4.53
4.55
4.39
4.16
3.7
3.6
3.22
2.69
2.2
2.26
2.52
2.57
2.32
2.29
2.23
2.18
2.03
2.35
2.63
2.45
2.48
2.64
2.92
3.13
3.65
3.8
3.66
3.75
3.87
3.22
2.84
2.96
3.39
2.45
2.8
2.56
2.64
2.22
2.34
2.19
2.54
2.73
2.75
3.05
3.64
3.28
3.29
2.96
3.34
2.66
2.12
2.09
2.69
2.27
3.08
2.74
3.03
3.43
3.44
1.63
1.25
2.15
2.9
2.35
4.05
4.5
5.93
3.79
4.13
0.92
0.87
0.81
1.67
2.22
1.32
1.51
2.23
2.81
3.28
3.52
3.68
3.01
2.36
3.6
2.29
2.15
1.58
2.18
1.79
1.1
1.34
0.84
1.05
1.91
1.75
1.73
2.3
2.59
2.61
2.34
1.78
1.85
2.08
2.28
1.41
1.45
1.96
2.07
2.09
1.64
1.61
1.03
1.17
0.71
0.83
0.86
0.98
1.15
0.91
0.9
0.82
1.39
1.83
1.8
2.14
2.64
2.48
2.14
2.32
2.8
2.77
2.62
2.68
2.77
2.47
2.78
2.34
2.18
2.08
2.44
3.31
3.7
4.16
6.84
4.04
1.74
1.45
2.21
1.94
1.3
1.46
1.7
0.9
1.06
1.07
0.81
1.24
1.04
1.28
1.63
1.54
1.92
1.85
2.19
2.35
2.86
2.53
2.47
2.78
2.71
2.07
1.83
1.78
1.58
1.81
2.85
4.14
4.4
3.03
2.29
1.89
2.8
3.26
3.49
3.47
3.73
3.38
3.05
2.51
3.6
4.78
4.22
4.9
3.64
3.78
2.96
4.62
2.67
2.85
2.69
3.16
3.21
3
2.5
2.78
2.93
3.46
3.24
3.26
2.64
2.89
2.97
2.32
1.73
1.77
1.63
2.31
2.45
2.08
2.16
2.46
2.47
2.53
2.87
3.2
3.66
2.99
3.43
4.34
3.33
2.82
2.95
3.12
3.22
3.05
3.26
3.83
3.73
4.67
3.68
5.39
4.87
3.39
4.48
5.1
4.61
4.85
4.67
4.07
4.29
3.81
4.25
4.42
4.66
4.27
4.4
5.79
5.4
5.37
3.85
3.35
5.3
5.49
5.5
3.73
3.56
3.47
3.82
3.33
2.7
2.41
2.33
2.34
2.45
2.97
3.32
2.96
3.39
3.27
3.35
3.45
3.21
3.23
2.77
2.46
3.27
3.69
3.54
3.13
3.19
3.12
2.56
2.87
3.08
3.21
3.16
2.95
2.96
3.02
3.04
3.06
4.02
3.08
3.79
4.73
4.4
4.41
4.75
5.26
3.69
4.9
4.81
3.73
4.33
4.86
4.45
4.79
5.02
5.59
4.08
3.79
3.89
3.9
4.44
4.64
4.19
4.2
3.7
2.9
3.67
3.97
3.51
3.18
4.15
4.31
4.28
4.33
5.01
3.53
3.67
4.02
4.14
4.06
4.53
3.7
3.83
3.72
3.64
3.93
3.68
3.71
3.44
3.96
3.61
3.88
4.07
3.4
3.16
3.18
4.25
3.93
3.73
3.76
3.73
3.76
3.83
4.39
3.89
3.84
4.07
2.66
3.43
4.24
5.74
6.27
5.76
6.06
5.59
4.32
3.96
5.12
3.88
3.38
3.79
3.18
3.96
5.53
4.59
5.54
4.87
5.19
5.81
5.56
5.97
4.33
4.58
3.85
4.3
4.89
5.37
4.16
5.12
4.32
4.07
4.73
4.73
4.77
6.89
5.19
4.73
4.08
3.94
4.12
4.8
4.9
5.84
5.68
5.04
4.39
4.78
5.12
4.56
4.78
4.57
5.1
5.16
5.11
4.61
4.66
5.16
3.39
3.92
3.83
3.52
3.73
3.39
3.29
3.17
2.74
2.84
4.43
3.74
3.74
3.4
3.36
3.75
4.08
4.21
3.92
3.06
2.92
3.03
3.34
3.83
4.63
4.81
5.06
5.62
5.05
3.96
4.61
5.57
5.03
5.08
5.34
5.29
5.29
4.77
5.26
4.84
4.83
4.96
4.72
4.03
4.09
4.28
4.36
3.61
3.18
4.03
4.59
3.73
3.72
2.8
3.33
3.35
3.04
2.62
2.53
2.21
2.22
2.85
2.79
2.62
2.82
2.96
2.48
2.78
2.74
2.28
2.51
3.29
3.98
4.39
5.16
5.14
4.82
4.36
4.55
4.17
5.09
4.02
4.78
3.73
2.83
2.66
1.9
2.17
3.6
4.73
3.7
4.22
4.17
3.51
3.05
3.82
3.84
3.1
3.66
3.84
5.3
4.48
4.43
3.11
2.51
3.06
5.22
5.96
4.17
3.37
4.54
4.05
3.51
4.96
3.96
2.87
2.21
2.5
2.41
2.26
2.65
3
3.07
2.81
3.04
3.49
3.87
3.12
3.07
3.02
2.74
2.64
2.9
1.59
1.67
1.78
1.75
1.67
1.44
0.83
1.59
1.65
1.67
1.2
1.04
1.09
1.1
1.23
1.16
1.38
1.21
1.33
1.32
1.3
1.09
0.63
0.52
0.81
0.71
0.61
0.57
0.51
0.47
0.96
0.79
1.15
1.54
1.58
1.56
1.86
2.05
1.95
1.89
1.68
1.41
1.61
2.3
2.64
2.62
2.48
2.4
2.16
2.02
1.84
2.35
2.19
2.03
1.84
1.73
2.03
2.27
2.48
2.47
1.91
1.76
1.78
1.63
1.94
1.54
1.61
1.78
1.37
1.42
1.71
0.99
1.48
1.38
1.59
1.63
1.82
1.67
1.45
1.75
1.96
2.05
1.56
1.97
1.71
1.91
1.7
1.84
2.07
2.59
2.68
2.51
3.05
3.06
2.31
3.63
3.34
3.47
3.09
2.5
3.77
3.19
3.05
3.37
3.02
3.2
3.41
3.26
2.54
1.93
3.42
3.47
2.19
2.62
3.41
3.88
3.49
3.24
4.33
3.48
3.16
3.45
3.17
2.62
2.82
2.73
3.07
2.65
3.63
4.26
3.55
4.64
4.29
3.79
3.24
3.96
4.64
4.65
3.91
4.02
3.5
3.83
4.42
4.25
4.04
4.28
4.37
4.64
4.75
5.09
4.04
4.09
4.19
4.49
4.25
3.8
3.87
4.19
4.27
4.6
4.96
4.91
4.71
5.13
5.35
4.89
4.87
4.66
4.54
4.22
4.69
5.21
5.15
5.28
5.18
5.23
5.1
4.85
4.77
4.47
4.24
4.03
4.12
4.01
4.07
4.68
3.91
3.58
2.83
3.2
4.86
4.67
4.21
4.68
3.84
3.76
3.87
3.75
3.88
3.65
3.58
3.89
4.13
4.23
4.28
5.04
4.43
4.39
2.71
4.01
4.77
3.96
3.41
3.28
3.14
3.29
3.7
3.61
4.12
3.58
4.05
3.75
3.18
2.78
3.22
3.36
3.38
3.3
2.01
1.2
1.65
1.91
2.66
3.15
2.72
1.72
1.35
1.62
1.86
2.22
2.01
2.18
2.31
2.22
2.18
2.35
2.03
2.43
2.63
2.41
2.36
2.31
2.27
3.14
2.68
2.37
2.03
1.76
1.47
1.52
1.43
1.73
1.92
2.49
3.18
3.92
4.87
3.27
3.94
3.57
3.09
1.52
0.87
0.66
0.4
0.54
1.21
1.53
1.99
2.37
1.2
1.62
2.19
1.18
1.47
1.24
0.84
0.44
0.8
1.12
1.16
1.27
1.55
1.2
1
1.29
1.8
1.55
1.64
1.93
2.14
1.74
1.87
2.26
2.3
2.15
2.94
2.95
2.3
2.25
3.33
4.12
4.01
4.06
3.81
4.84
4.7
5.42
6.05
6.31
6.18
6.27
7.57
5.92
4.95
5.01
6.16
5.56
4.82
5.48
5.51
4.64
4.61
5.53
6.34
4.89
5.7
6.11
5.95
6.49
6.39
6.13
6.42
6.36
6.17
5.68
4.84
4.99
5.3
4.88
5.46
6.23
5.67
4.62
5.69
5.59
5.07
5.33
5.12
5.15
4.8
4.91
5.29
4.39
4.55
4.86
4.45
4.61
5.68
4.82
5.16
5.21
4.42
4.77
4.2
4.64
4.38
5.13
4.9
4.67
4.91
4.79
5.1
4.38
4.5
4.7
6.57
5.62
5.27
5.63
4.95
6
7.18
6.94
6.88
6.69
6.23
6.79
6.66
6.05
7.87
7.75
9.93
7.4
7.42
10.34
6.73
7.81
6.95
9.18
8.66
7.87
6.95
9.56
11.74
9.24
7.95
8.68
9.17
7.55
8.99
8.83
7.56
9.27
8.5
8.22
7.42
9.13
7.25
6.23
6.69
7.28
6.72
7.16
7.83
7.69
7.41
7.6
7.69
8.15
7.41
7.36
7.14
6.21
6.09
5.51
5.85
5.75
6
6.31
6.82
7.36
6.48
6.28
6.26
6.54
5.5
4.78
5.63
5.09
5.54
4.92
5.42
5.69
4.92
5.56
6.28
6
6.39
7.49
7.12
7.14
7.15
7.63
5.94
6.36
6.49
6.35
6.68
5.24
6.64
7.2
7.12
8.13
6.59
6.61
6.4
5.56
5.7
6.55
7.33
7.31
7.05
6.75
5.38
6.85
6.51
7.53
5.37
6.85
4.58
5.95
8.34
6.74
5.89
5.42
6.55
6.75
6.17
7.04
6.35
7
6.52
7.03
8.42
7.8
5.73
6.41
6.93
6.59
6.86
7.9
6.27
5.18
6.39
6.82
4.92
5.21
7.35
5.74
6.69
6.74
7.59
6.75
8.08
7.66
6.84
6.88
6.4
7.24
7.19
7.41
5.8
6.25
5.38
6.02
6.34
7.41
6.84
7.28
8.24
7.86
6.19
6.98
6.99
7.2
5.75
6.26
5.65
6.36
5.95
4.54
6.76
6.68
5.87
5.85
6.12
7.36
5.46
6.23
6.58
6.27
5.5
5.48
7.36
6.27
6.03
6.75
5.2
4.91
6.13
4.92
5.53
5.03
4.8
5.26
4.81
5.94
6.41
6.17
4.78
5.87
5.43
5.26
5.04
5.25
5.12
4.9
4.49
3.65
3.55
3.95
3.78
3.99
4.47
5.36
5.53
4.61
4.62
4.94
4.7
4.64
3.85
4.36
4.59
4.76
4.64
4
4.36
4.56
4.53
4.03
3.24
3.75
2.84
2.65
2.46
3.21
2.46
2.81
3.32
3.74
3.82
2.51
3.05
2.88
2.72
1.87
1.95
2.29
1.99
2.36
2.23
1.97
2.12
2.07
1.72
1.83
2.38
2.43
2.31
2.18
2.13
2.25
1.82
2.21
2.15
1.77
1.6
1.37
1.06
1.23
1.32
2.1
2.63
1.89
3.06
2.29
2.79
3.4
4.68
4.56
4.09
3.61
2.24
1.42
2.12
2.33
2.27
2.99
2.82
3.94
4.03
5.19
5.21
5.33
5.23
4.52
4.59
3.39
2.93
2.74
2.1
3.16
4.22
3.4
4.5
3.41
3.36
4.11
5.26
4.93
4.43
4.04
4.35
4.02
4.04
3.98
3.83
3.79
4.4
4.93
5.15
4.4
4.42
6.86
5.95
4.71
4.47
4.39
4.42
5.4
5.54
4.53
5.27
5.35
5.29
4.82
5.42
5.36
5.4
5.73
5.69
4.75
4.74
4.97
4.85
4.4
4.01
2.73
2.7
2.62
2.62
2.16
2.58
2.92
2.46
2.76
3.11
3.18
3.35
4.35
4.39
4.81
4.06
4.13
4.73
4.55
4.33
3.92
4.36
4.82
3.59
4.47
4.05
4.44
4.09
3.43
3.75
3.67
2.81
2.24
2.18
2.63
2.45
2.88
2.51
2.25
2.03
2.37
2.21
2.97
2.77
2.9
3.62
4.82
5.68
4.83
3.97
4.3
3.82
3.91
3.11
4.04
5.27
5.07
4.59
4.49
4.31
3.87
4.64
5.57
5
4.94
4.48
4.31
4.05
3.65
4.3
4.67
3.3
3.62
2.32
2.63
3.56
2.84
4.11
4.6
6.09
4.89
4.51
4.04
3.1
3.5
4.19
3.44
3.5
3.97
3.38
3.72
3.45
4
4.26
3.18
3.39
3.37
2.92
3.5
4.34
3.58
2.86
2.92
3.83
3.54
3.36
3.7
3.61
3.68
3.06
2.85
3.36
2.96
4.42
4.52
4.24
3.97
4.13
3.41
3.88
3.88
3.77
3.16
3.08
3.07
3.29
3.23
2.9
2.88
3.6
5.51
5.71
5.09
4.8
5.09
4.94
5.69
4.25
4.34
4.91
4.8
4.39
4.32
3.5
3.91
4.33
4.38
4.46
4.37
4.53
4.55
4.75
3.28
3.08
3.35
3.46
4.09
3.6
3.36
3.72
3.46
3.3
2.97
2.78
3.01
2.88
3.09
2.33
2.78
2.83
2.85
2.68
3.05
2.79
2.94
3.1
3.33
3.33
3.69
3.34
3.88
3.55
2.46
2.81
2.94
3.32
3.39
4.09
3.74
3.75
3.34
3.49
3.11
3.76
3.37
3.73
3.92
3.82
3.08
3.95
3.51
3.26
3.54
3.49
3.18
3.21
3.35
3.49
3.56
3.74
3.45
2.61
2.18
1.9
2.98
2.55
3.69
3.37
3.81
4.28
3.85
3.64
3.96
4.47
4.12
4.56
3.05
2.46
3.1
3.76
3.93
3.71
4.09
3.97
4.11
2.44
3.3
2.07
3.42
3.23
2.13
2.76
3.03
3.35
3.43
3.05
4.2
4.16
2.53
3.83
3.78
3.75
3.82
3.22
3.22
3.56
3.63
2.77
3.11
3.25
2.75
2.75
2.74
2.45
2.27
2.41
2.38
2.05
2.05
2.22
2.54
2.93
2.4
1.83
1.29
1.36
0.9
0.92
0.97
1.08
1.39
1.23
1.64
1.57
1.41
1.53
1.21
0.49
0.59
0.55
0.58
0.73
0.98
1.13
1.49
1.59
1.63
1.9
1.95
2.42
2.48
1.68
1.22
1.05
0.92
1.09
1.38
1.3
1.13
2.13
2
1.19
1.1
1.99
1.66
1.72
2.18
2.29
1.99
1.8
2.13
1.95
1.33
1.28
0.73
0.64
1.01
1.35
1.15
1.34
1.39
1.6
1.63
1.69
1.34
1.21
0.9
0.72
0.81
1.32
1.61
1.5
1.6
1.66
1.87
1.53
1.66
1.97
2.21
2.23
2.19
2
2.24
4.15
4.86
2.48
2.08
1.58
1.45
1.35
1.5
1.7
2.05
2.45
2.57
2.76
1.89
1.72
2.98
2.61
2.04
2.76
2.38
2.46
3.03
3.41
4.27
4.39
5.3
5.75
5.23
5.61
5.45
5
4.61
5.34
6.28
5.97
6.89
6.94
7.24
7.7
6.67
5.94
6.4
6.66
7.9
7.3
7.06
6.76
6.29
5.94
6.82
6.66
6.59
6.13
5.92
6.21
6.6
6.42
5.92
4.16
4.57
5.38
5.27
5.53
4.91
3.96
4.42
4.49
4.93
5.29
5.86
5.45
4.62
3.98
4.82
5
4.43
5.79
5.21
5.05
5.23
5.59
5.91
6.08
5.95
5.24
5.14
4.72
4.62
5.19
5.05
4.8
3.5
3.1
4.28
3.5
3.62
4.58
4.57
4.71
4.17
4.11
4.47
4.2
3.29
3.52
4.18
3.94
3.94
3.42
2.86
3.31
2.65
2.54
2.45
2.19
2.19
2.46
3.23
3.75
3.28
2.6
2.3
2.82
3.21
3.19
3.53
3.86
3.78
3.28
3.09
3.25
3.43
2.99
3.18
3.12
2.16
2.09
2.1
1.79
2.09
2.27
2.09
3.01
2.92
2.22
1.92
1.45
1.69
1.63
1.52
1.73
1.63
2.83
3.47
3.41
3.38
4.45
4.04
2.99
4.42
5.19
4.67
4.94
4.19
4.1
4.36
5.46
5.3
5.42
5.22
5.23
5.63
4.12
5.02
5.79
5.5
5.12
4.45
5.54
5.72
5.74
5.75
5.44
5.72
4.27
4.5
4.15
5.31
4.91
5.41
5.17
4.89
3.89
5.09
4.08
6.08
6
5.5
5
4.8
4.45
3.59
4.01
3.76
4.22
4.45
4.26
4.18
4.23
4.29
3.92
4.1
3.95
3.79
3.7
3.74
3.53
3.44
3.47
3.53
3.82
3.4
3.45
3.07
2.82
2.63
2.75
3.4
3.44
4.14
4.41
4.11
5.13
4.8
4.32
3.92
4.96
4.85
4.23
4.52
3.65
5.58
5.83
4.98
5.15
5.54
5.1
5.41
5.6
4.97
5.44
5.2
3.59
3.91
4.35
3.63
3.84
4.06
3.31
4.04
4.03
3.48
3.52
4.03
4.3
3.95
5.6
4.98
5.04
5.75
5.37
5.87
6.29
6.58
5.38
5.17
5.38
6.58
6.43
6.38
5.6
5.8
6.12
7.23
6.42
7.04
6.8
6.91
7.16
7.72
7.1
7.17
8.23
6.99
8.31
8.37
7.68
8
7.98
8.61
8.19
7.11
7.53
6.95
7.65
7.25
6.43
7.12
7.54
9.32
9.1
7.73
8.97
8.32
8.58
7.46
9.66
9.13
9.31
8.87
9.18
9.32
10.05
8.46
8.4
10
9.03
8.65
8.33
8.61
9.1
9.42
9.6
8.34
8.56
9.01
10.28
10.98
10.55
12.33
11.24
11.76
10.53
10.72
9.66
9.75
10.44
10.15
10.53
8.24
8.84
9.26
9.48
10.26
9.9
9.22
9.95
8.59
9.81
9.91
9.4
8.97
12.02
11.19
10.93
9.73
9.84
9
8.97
10.64
9.08
9.14
9.03
8.39
9.19
7.44
8.24
8.09
7.57
5.72
5.59
6.62
6.73
