6.59
5.43
6.75
6.17
5.32
6.26
7.37
6.42
5.22
4.07
5.07
4.89
4.99
4.38
4.52
4.87
4.94
4.14
3.09
2.63
4.36
4.52
4.28
4.6
3.73
3.39
4.21
4.28
5.1
6.16
7.07
7.41
7.82
8.13
8.04
7.69
8.25
8.77
9.05
9.54
9.38
8.88
9.4
9.48
8.88
8.2
9.17
8.31
8.84
7.78
8.39
8.75
8.44
8.53
7.95
7.9
9.96
9.13
8.27
8.15
9.14
8.06
6.22
7.5
9.99
7.47
8.63
10.35
10.24
9.14
8.17
8.14
7.63
7.08
6.87
6.86
5.6
8.32
8.13
8.38
11.47
11.13
9.22
8
7.55
9.51
9.26
9.09
8.08
8.46
7.04
7.92
6.4
7.38
7.05
6.87
7.31
6.84
7.43
7.66
8.63
7.86
8.35
8.54
11.22
12.46
12.57
12.26
10.27
10.02
9.82
10.4
10.07
10.94
9.72
8.33
8.75
7.6
7.99
8.76
8.81
8.81
9.15
9.32
10.74
11.2
12.65
10.04
10.42
9.64
11.6
11.35
10.78
11.61
10.92
11.12
10.69
10.37
10.96
9.27
9.04
9.3
12.32
11.07
10
10.51
11.79
11.14
10.8
10.76
9.41
10.9
11.66
10.52
10.03
9.95
10.64
9.89
10.05
10.86
10.18
10.3
10.5
9.51
9.62
9.74
8.42
7.99
8.32
8.28
8.34
8.92
8.87
8.67
9.62
9.04
9.03
9.03
9.7
9.72
10.27
8.66
9.88
8.45
9.39
9.83
8.82
7.54
9.62
8.71
7.91
8.48
8.63
8.35
9.03
8.57
8.81
9.65
9.37
10.8
9.63
8.71
9.77
9.79
9.38
11.26
12.44
12.44
12.26
11.43
9.36
9.87
10.31
10.94
10.45
9.51
9.31
12.23
10.58
10.88
11.1
12.68
12.29
9.68
8.71
9.21
10.06
11.26
13.01
11.08
12.48
11.21
10.25
10.41
10.93
12.1
10.96
11.41
12.38
11.18
11.17
10.15
10.41
12
11.68
10.79
11.8
11.15
11.9
11.7
12.52
10.48
11.9
13.64
13.5
11.88
10.71
9.56
11.19
12.61
11.1
10.23
9.27
7.82
7.22
7.95
7.71
8.31
7.71
7.42
7.63
6.98
6.38
7.61
8.28
8.39
8.48
7.77
6.89
7.28
7.68
7.92
7.78
7.93
7.99
8.46
8.36
8.8
8.69
8.03
6.87
6.53
7.19
7.03
6.67
6.56
6.78
7.48
8.86
7.16
7.48
6.99
6.85
8.65
6.43
7.24
7.66
7.76
7.91
8.14
7.85
7.52
7.09
6.77
7.1
7.16
7.54
6.76
6.48
6.67
7.34
8.39
7.96
8.29
7.37
7.04
7.16
7.37
6.83
7.56
8.57
8.13
7.81
7.98
8.71
8.39
8.52
7.93
8.17
7.5
8.06
8
7.29
7.54
7.81
9.47
9.66
8.64
7.46
7.74
7.43
8.33
8.62
8.54
8.58
8.7
7.81
8.58
9.32
8.81
8.64
8.17
9.54
9.97
8.99
9.27
8.77
8.2
8.55
7.95
8.69
9.95
9.36
9.23
8.11
7.93
8.01
8.68
9.42
9.25
9.52
9.39
7.79
8.46
8.19
8.47
8.81
7.77
8.44
7.16
6.2
6.88
8.45
8.57
9.03
9.25
8.01
6.51
6.03
6.53
6.74
6.73
7.09
6.5
7.36
6.53
6.94
6.84
7
7.33
7.52
7.32
6.5
7.31
7.84
8.48
7.33
7.47
7.4
7.88
7.88
8.04
6.93
7.86
9.35
8.42
8.41
8.37
8.65
9.28
9.66
7.99
7.87
7.85
8.82
8.46
7.71
8.16
8.07
8.65
8.55
7.44
8.28
8.8
9.68
9.51
9.3
9.03
9.53
9.55
9.77
9.92
9.54
9.59
9.87
10.15
9.04
8.57
7.51
9.1
9.31
8.58
8.6
7.87
8.56
8.01
7.81
7.06
7.97
7.77
7.58
8
7.21
7.86
7.13
6.91
7.35
8.02
6.64
7.42
7.61
8.39
8.97
6.85
6.66
6.47
7
6.52
6.68
6.69
7.37
7.41
6.95
5.69
5.72
6.21
5.67
5.21
5.18
7.39
7.64
6.89
7.26
6.83
6.27
6.56
5.52
5.06
4.86
5.48
5.06
4.24
6.34
6.87
6.3
5.51
5.14
4.87
3.64
3.26
3.64
2.86
3.61
3.32
4.11
4.81
5.89
5.09
4.69
5.63
7.83
5.92
6.9
6.24
6.2
6.54
6.19
5.77
5.81
7.38
8.13
6.72
8.06
8.26
7.48
7.19
6.98
6.28
6.8
5.8
5.52
5.08
4.53
6.06
7.39
7.63
6.85
6.2
5.84
5.38
6.64
5.97
5.2
4.87
4.19
4.71
4.93
4.64
4.75
4.94
5.05
4.14
4.99
5.52
4.73
4.85
3.29
3.98
3.82
3.87
3.78
3.8
4.26
3.43
3.48
4.27
4.09
3.75
3.33
3.68
3.24
2.96
2.37
2.48
2.83
2.84
2.94
3.16
3.24
3.43
3
2.88
2.96
2.4
2.19
1.97
1.56
2.22
2.86
3.07
2.52
2.29
1.68
1.66
1.96
2.2
1.71
1.21
1.56
1.52
1.43
2.1
2.71
3.14
3.04
1.75
1.88
2.2
2.12
2.22
1.97
1.91
2.79
2.26
2.53
2.14
2.43
2.36
1.93
1.93
2.65
2.6
3
3.31
3.03
4.11
3.7
4.3
3.81
6.06
5.98
5.53
5.72
5.54
7.11
9.47
8.15
8.5
6.87
7.42
7.79
6.41
6.43
6.58
7.12
7.47
6.73
5.3
5.69
6.41
7.18
5.33
6.24
5.59
4.87
4.15
5.46
4.58
5.33
6.02
5.23
4.39
4.64
4.83
4.38
6.21
6.41
6.15
4.98
5.68
5.43
5.24
5.66
5.78
5.24
4.92
4.7
3.83
3.82
3.78
3.62
4.52
4.61
3.84
3.74
4.07
4.37
3.86
3.99
4.44
4.7
4.69
4.06
3.8
3.89
3.68
4.05
3.72
3.52
3.53
3.66
3.87
4.07
3.92
3.68
3.44
3.03
3.08
3.43
3.32
2.92
2.55
2.36
2.77
2.34
2.14
2.42
2.07
2.09
2.47
2.85
3.87
3.73
3.75
3.21
3.01
1.8
1.46
0.99
1.28
1.12
1.38
1.54
2.22
3.01
3.64
3.8
3.33
2.89
2.95
2.65
3.16
3.68
3.89
3.95
3.75
2.94
2.77
2.49
2.15
2.15
1.91
1.62
1.72
1.96
2.01
2.05
2.18
2.37
2.46
2.46
2.79
2.45
2.24
2.73
2.41
2.73
2.73
2.95
2.63
2.47
2.76
3.1
3.02
2.93
3.43
3.4
3.07
2.77
3.29
2.13
3.09
3.22
3.38
3.15
3.59
3.29
2.98
3.23
2.97
3.19
2.72
3.71
3.84
2.96
2.27
2.78
2.49
1.98
2.64
2.52
2.74
2.82
3
2.41
2.94
2.49
2.3
2.69
2.8
2.77
3.24
3.04
3.6
3.72
3.91
4.73
4.83
5.01
4.76
5.39
5.51
5.42
5.41
5.6
5.66
6.03
5.94
6.01
5.93
5.94
5.66
5.33
5.36
5.59
5.33
5.57
5.62
6.14
5.78
5.38
5.59
5.95
6.37
6.64
6.41
6.93
6.85
6.96
6.36
6.33
6.5
6.5
6.01
6.19
5.9
5.76
6.43
6.12
5.67
6.01
5.79
5.83
5.97
5.86
6.3
7.14
6.54
6.73
6.57
6.4
6.44
6.16
6.69
6.23
6.27
6.45
7.32
6.96
6.61
6.35
6.1
5.93
5.78
5.55
5.24
6.85
6.69
6.14
6.22
6.54
6.63
5.05
5.03
5.22
5.16
5.59
5.75
5.26
5.85
6.23
5.08
5.83
6.62
6.3
6.79
6.23
6.9
5.58
5.49
5.01
4.97
4.87
4.99
4.96
5.09
4.28
4.65
4.37
4.41
4.22
4.27
4.2
4.42
4.22
4.41
4.5
4.52
5.4
6.04
5.01
3.78
4.45
5.11
5.58
4.92
3.68
4.46
3.62
4.46
5.11
4.44
5.46
6.3
6.28
5.34
5.21
4.6
4.63
5.76
6.47
6.67
6.38
6.62
7.01
7.08
6.78
8.44
8.12
7.58
6.98
6.69
6.38
6.42
6.14
6.04
6.34
6.27
6.39
6.69
6.65
6.89
6.93
6.92
6.73
6.95
7.85
7.65
7.52
7.15
6.78
6.52
6.57
6.09
5.95
6.11
5.8
5.25
4.77
4.23
3.82
4.47
4.29
4.79
4.18
3.64
4.44
5.43
5.69
5.74
5.09
5.59
5.79
5.88
5.23
5.38
4.99
4.38
3.79
3.82
4.31
4.94
4.74
5.07
4.86
4.76
4.3
4.03
3.58
3.79
3.92
4.4
4.51
4.19
4.54
4.98
5.37
6.41
7.31
6.88
7.27
7.37
6.62
7.07
6.89
6.5
6.15
6.08
6.73
5.89
6.03
6.95
6.97
7.19
7.65
6.95
6.38
7.6
6.12
6.12
5.88
6.06
6.66
5.82
6
6.86
7.41
7.97
7.89
8.15
7.96
7.09
9.88
9.57
9.22
7.17
6.48
7.74
8.76
9.73
7.79
7.66
8.35
8.56
8.39
9.54
6.96
7.72
6.89
7.43
8.26
8.98
8.11
6.46
6.57
7.2
6.94
8.02
7.42
5.55
4.13
5.43
3.64
3.38
4.35
6.07
5.36
3.78
3.99
3.31
2.55
3.31
4
4.25
4.34
5.12
5.76
5.37
5.51
4.96
5.57
5.07
5.23
5.52
5.85
5.64
5.71
5.6
5.28
4.62
4.18
4.62
4.81
5.67
6.53
6.98
6.84
6.43
6.12
6.37
6.6
7.05
7.27
7.33
7.51
7.5
7.21
7.34
8.2
8.5
7.96
8.01
7.06
7.31
7.54
7.06
6.99
6.76
6.81
7.09
7.25
7.65
7.84
7.67
7.28
6.84
6.85
7.1
7.32
7.77
7.34
7.2
7.01
6.7
6.5
6.5
6.44
6.25
5.88
6.05
5.97
5.82
5.4
5.49
5.29
4.48
3.69
4.12
3.39
3.95
3.8
3.84
4.02
4.1
3.6
3.77
3.71
3.45
3.19
2.81
3.58
4.45
3.57
4.26
4.01
3.67
2.51
3.05
3.88
3.63
3.33
3.54
4.17
4.97
4.18
4.47
3.39
4.93
3.96
4.53
4.59
3.67
4.37
4.07
3.78
3.65
3.77
5.1
4.27
4.19
5.36
4.13
5.13
3.52
5.21
4.1
4.27
4.48
4.78
4.26
2.82
3.99
3.87
4.38
3.91
4.49
4.24
2.91
3.85
3.35
3.6
3.54
3.4
2.93
3.19
3.19
3.35
3.26
3.06
3.01
2.91
3.07
2.5
2.34
2.17
2.23
2.34
2.41
2.45
2.59
2.66
2.66
2.72
2.66
2.59
2.12
2.21
2.18
2.04
1.96
2.13
1.94
1.86
1.84
1.56
1.45
1.26
1.1
1.28
1.32
1.48
1.36
1.07
1.4
1.9
1.87
1.85
2.06
2.11
2.23
2.3
2.46
2.34
2.36
2.87
2.79
3.06
3.72
3.73
4.14
4.07
4.13
3.87
3.11
3.75
3.36
3.39
3.64
3.76
3.99
4.02
4.29
4.67
4.67
4.96
5
4.45
4.32
4.59
4.84
4.68
4.98
5.4
5.09
5.02
5.15
5.98
6.77
7.04
7
8
9.72
9.4
9.2
9.05
7.6
8.65
7.97
9.28
11.5
11.9
10.18
9.41
9.18
8.94
9.61
10.08
9.72
10.69
11.82
11.65
10.24
11.42
11.93
11.13
8.78
10.85
8.18
9.08
11.85
12.16
11.35
11.12
13.17
8.83
11.53
11.31
11.4
10.99
9.72
10.27
10.22
10.15
9.7
11.28
10.86
10.95
11.43
10.73
9.02
9.83
10.45
10.12
11.32
10.09
9.05
8.37
7.88
8.79
8.72
7.98
9
10.11
9.54
10.21
9.98
9.47
9.71
9.78
8.79
8.64
8.63
9.52
9.66
9.32
9.47
9.67
9.72
9.66
8.71
7.03
7.1
7.33
6.48
5.61
7.49
7.28
6.79
6.83
8.07
8.39
8.6
8.27
8.02
7.78
9.13
9.39
8.41
8.65
8.03
8.93
8.85
8.33
8.53
6.52
7.16
5.81
6.23
7.69
7.21
6.15
6.16
5.93
5.46
5.47
6.54
5.13
5.13
4.98
5.61
5.53
4.46
5.41
4.73
4.06
4.89
5.01
5.08
5.08
5.55
4.77
4.7
5.25
6.42
6.17
6.34
7.36
6.73
5.77
6.21
7.22
7.04
5.85
6.45
5.66
6.08
5.95
6.3
7.16
6.21
7.74
6.92
7.1
6.32
7.32
6.79
6.98
8.02
7.93
7.85
6.28
6.63
7.27
4.18
8.88
7.15
6.76
7.21
7.92
9.22
7.18
6.49
6.83
7.69
7.28
7.47
7.45
6.19
5.66
5.25
6.67
6.56
6.98
7.1
7.71
5.67
6.12
5.73
6.73
5.95
4.89
3.98
4.85
5.62
5.03
5.4
4.93
4.29
3.77
4.58
5.6
6.58
6.41
5.48
5.86
4.64
6.61
6.36
7.58
7.66
7.18
7.86
6.75
7.17
7.76
6.43
7.42
7.73
7.91
8.17
9.09
8.19
8.22
8.09
8
8.11
7.33
7.77
7.5
7.61
7.47
7.33
7.21
6.92
7.05
6.85
7.39
7.26
6.7
7.38
7.67
7.65
7.85
9.16
9.03
7.5
8.87
8.42
8.41
8.25
8.71
8.47
8.61
8.12
9.01
9.41
9.48
8.66
8.79
8.53
9.77
10.38
9.92
9.1
9.43
9.75
8.61
8.19
8.84
7.83
8.47
8.66
7.82
8.02
7.64
8.29
7.8
7.39
7.22
8.02
7.06
6.66
6.22
5.75
5
5.25
5.91
5.19
5.12
4.78
4.6
4.15
4.21
3.54
3.42
4.09
3.77
4.59
4.27
3.72
3.68
4.97
3.88
4.75
4.43
3.33
4.84
5.28
6.86
5.07
5.28
5.86
5.95
6.65
4.16
4.06
4.42
4.11
4.34
3.84
6.26
4.98
6.25
5.32
8.81
5.88
5.59
5.61
5.43
6.94
6.67
6.36
7.56
5.66
6.55
6.03
8.43
7.9
7
6.13
6.04
5.84
5.37
4.84
5.04
5.49
5.18
4.24
4.16
3.8
3.33
2.77
2.06
2.47
2.93
3.13
2.54
3
3.14
2.97
2.45
2.18
2.25
2.09
2.9
2.86
2.74
3.7
4.58
4.35
4.42
4.22
3.94
4.18
3.85
3.8
4.46
3.71
3.82
3.05
2.61
2.61
2.34
2.13
2.11
2.61
1.74
2.52
1.92
1.6
1.96
1.62
1.29
0.59
0.72
1.05
0.66
0.65
0.7
0.88
1.23
1.03
1.42
0.92
1.33
0.91
1.72
2.07
2.9
2.98
2.92
2.77
2.36
2.08
2.66
3.22
4.2
5.02
5.36
4.83
4.59
4.07
3.46
3.89
4.04
3.64
3.27
3.11
2.85
2.83
2.94
2.99
3.13
2.92
2.82
3.18
3.67
3.48
3.22
3.13
3.45
3.05
3.05
3.29
3.58
3.78
4.39
4.46
3.46
3.26
4.41
4.21
4.03
4.36
3.62
3.93
4.05
4.27
4.66
3.73
3.15
3.08
3.87
3.54
3.56
3.92
4.33
4.27
4.33
3.89
3.82
3.51
3.9
3.83
4.05
3.72
3.35
3.87
4.76
4.3
3.52
3.34
3.09
2.86
3.83
3.36
3.3
3.75
3.96
3.66
4.28
5.16
5.88
5.67
6.05
6.26
5.73
5.54
5.9
5.46
5.43
5.78
5.95
5.39
5.88
5.83
5.83
5.77
5.7
5.98
6.24
5.65
5.79
5.84
5.68
6.11
6.11
5.71
5.88
5.56
5.7
5.64
5.81
6.02
6.03
5.44
5.54
5.39
4.81
5.04
4.99
4.67
5.24
5.34
5.4
5.39
5.39
5.47
5.45
5.3
5.52
5.57
5.56
5.68
5.8
5.47
5.07
5.05
5.11
4.49
4.94
5.01
4.94
4.6
4.66
4.62
4.66
4.98
4.93
5.04
4.86
4.73
4.55
4.83
4.73
4.66
4.94
4.28
4.79
4.21
3.83
3.6
3.81
3.45
3.58
3.2
3.3
2.87
2.6
1.93
2.35
2.72
2.65
2.27
2.11
2.26
2.34
2.35
2.04
4.31
6.13
6.85
5.66
5.56
6.05
6.68
7.07
6.8
6.06
5.86
7.2
5.75
6.39
6.41
6.44
4.75
6.17
7.06
8.96
7.97
7.01
5.9
6.23
7.14
6.59
5.03
5
5.2
5.22
4.48
4.7
4.64
4.5
3.54
3.47
5.44
6.57
6.68
6.03
5.01
4.78
4.61
3.56
4.57
4.03
3.55
3.91
4.47
4.65
4.53
3.82
4.16
4.01
4.21
4.07
4.38
4.26
3.97
4.04
3.9
4.18
3.9
3.92
4.03
3.51
3.92
4.21
4.01
4.07
3.78
3.66
4.09
3.93
3.66
3.58
3.66
4.01
3.83
3.48
3.86
3.37
3.04
3.25
3.33
3.83
4.28
3.76
3.71
3.86
3.67
3.69
3.69
3.18
3.23
3.48
3.73
3.61
3.63
3.52
3.52
3.79
4.1
3.88
4.58
4.9
4.38
4.42
4.98
4.34
4.89
4.87
4.23
4.21
4.62
4.53
3.84
3.75
3.95
3.78
3.85
3.17
3.35
3.56
3.38
3.31
3.32
2.61
3.19
3.15
3.44
3.6
3.65
3.43
3.08
3.78
5.53
3.69
4.89
4.93
4.88
5.23
4.11
3.82
3.32
2.88
3.31
3.23
2.95
3.47
2.57
2.7
4.16
4.15
4.7
4.59
4.03
5.44
5.24
5.58
3.87
3.09
3.69
3.43
3.81
3.38
3.69
3.06
3.53
3.2
3.27
2.63
2.88
4.59
3.99
3.58
3.27
3.07
2.97
4.08
4
4.64
4.56
4.2
4.08
4.41
4.79
4.33
4.06
3.54
3.13
3.45
3.79
4
3.72
3.33
2.49
2.74
2.73
2.19
2.22
2.22
2.61
2.56
2.78
3.3
3.11
3.21
3.74
3.05
2.97
2.78
2.63
3.36
4.5
4.47
3.72
3.47
3.76
4.14
3.98
4.2
4.07
4
3.97
3.43
3.25
3.42
4.33
4.66
5.68
6.37
5.65
5.76
6.08
5.45
5.3
5.86
5.48
6.57
6.81
6.34
6.25
5.63
5.59
5.42
5.57
5.61
5.72
5.38
5.23
5.33
5.72
6.06
6.12
5.8
5.62
5.12
5.08
4.69
4.24
3.86
3.75
3.7
3.49
2.97
3.05
2.77
2.28
2.34
1.82
2.58
2.55
2.7
2.72
2.7
3.31
3.57
3.27
3.57
3.11
2.83
4.16
3.62
4.27
3.58
3.91
3.36
4.31
3.43
3.73
4.2
5.04
3.78
4.57
3.77
5.02
3.08
3.58
3.3
3.25
3.1
3.64
3.47
3.15
2.15
3.47
4.27
2.92
2.81
3.43
2.44
2.8
2.63
2.91
4.39
4.92
4.58
4.35
3.58
3.8
3.98
4.45
5.35
6.16
6.79
6.58
7.67
6.31
7.75
6.21
5.32
5.35
5.93
5.66
5.57
5.75
6.54
6.07
6.42
6.72
5.8
6.73
7.06
6.59
5.77
5.17
6.28
5.91
6.45
4.83
5.2
5.27
5.01
4.88
5.9
5.66
5.87
7.35
6.38
4.73
4.38
4.99
5.55
5.56
6.98
6.76
6.65
6.27
5.56
5.91
5.79
5.36
4.4
5.11
5.66
5.63
5.48
5.33
4.95
4.83
4.97
4.95
4.87
4.16
5.18
4
4.33
4.35
4.85
4.32
4.65
6.09
6.08
4.53
4.79
5.3
4.33
4.6
4.58
4.93
5.16
5.12
4.22
5.31
4.68
4.87
4.48
5.84
5.34
5.39
5.13
5.76
4.84
4.69
3.95
3.86
4.53
3.92
4.22
3.69
4.2
4.62
4.71
4.95
5.04
5.09
4.89
4.98
4.95
5.12
5.73
5.59
5.69
5.91
5.92
5.81
5.45
5.24
5.42
5.96
4.72
6.57
6.19
5.97
6.06
6.03
5.81
6.29
6.01
6.46
5.81
4.51
5.51
5.97
6
6.27
6.2
7.15
7.16
6.81
6.61
6.94
6.81
6.52
6.57
6.1
6.84
6.21
6.93
5.54
5.89
6.52
6.1
6.39
5.98
6.14
7.43
7.66
8.29
6.69
6.7
5.81
6.52
6.69
6.78
5.81
6.19
6.88
5.47
5.99
6.9
5.65
4.95
6.31
5.71
6.1
6.92
6.67
6.94
6.92
4.98
4.51
5.56
5.8
5.06
4.38
4.58
5.01
6.01
5.45
4.87
5.17
5.36
5.04
5.87
6.02
6.1
6.07
5.77
5.15
4.79
4.51
4.16
3.91
4.28
4.65
4.71
4.26
5.02
4.75
5.22
4.61
5.38
5.17
5.13
5.04
4.11
3.33
2.94
3.18
3.31
3.38
3.34
3.51
3.25
3.34
3.43
3.28
2.87
2.59
2.75
2.38
2.46
2.24
2.29
2.52
2.42
2.34
2.4
2
1.89
2.59
2.11
2.63
3.7
3.42
3.01
3.8
4.04
3.69
4.04
3.89
3.71
3.53
3.57
4.24
2.87
2.62
2.83
3.17
2.93
3.23
2.42
2.3
2.31
2.79
2.28
2.74
3.51
3.36
2.63
2.53
1.93
2.25
3.09
3.12
3.46
4.02
3.43
3.43
2.67
2.37
2.11
1.55
2.18
2.99
2.85
3.45
3.14
2.99
2.88
3.35
2.7
2.49
2.8
2.59
3.02
3.34
3.23
3.25
3.37
2.56
2.84
2.58
3.18
3.56
2.48
2.07
1.92
2.79
2.84
2.2
3.17
3.32
2.79
3.47
2.57
2.31
2.73
2.73
2.74
2.99
3.2
3.95
3.63
3.44
3.65
3.46
3.76
3.58
3.9
3.61
3.75
3.83
3.06
2.74
3.31
3.77
3.72
3.91
4.05
3.94
4.01
4.31
4.36
4.76
4.68
5.22
5.48
5.93
5.99
5.49
5.91
5.87
5.77
5.91
5.62
5.53
5.66
6.31
6.42
6.39
6.42
6.17
6.18
5.8
5.51
6.09
6.31
6.32
6.79
6.94
6.49
5.32
5.72
5.97
6.13
5.28
5.82
7.5
6.38
6.92
6.17
7.72
7.11
5.65
7.33
7.59
6.5
7.19
6.89
6.84
6.9
7.28
7.43
6.31
6.33
6.85
6.61
6.09
6.56
6.47
7.17
7.26
6.35
5.96
6.91
6.96
6.9
6.6
6.97
7.44
6
6.51
5.82
6.8
5.78
6.83
6.84
7.45
6.65
6.93
7.26
7.86
7.52
7.02
7.54
7.03
6.24
7.31
6.66
7.53
6.6
6.69
6.84
7.38
7.41
6.58
6.5
7.11
7.08
6.69
5.67
6.51
6.11
6.8
7.77
6.15
7.4
6.91
7.3
6.39
5.9
6.71
7.3
8.31
7.91
8.43
7.33
6.57
5.67
7.53
6.69
6.15
6.68
6.89
5.2
6.27
6.64
6.96
7.36
7.52
7.41
7.18
7.09
6.91
6.56
6.06
6.35
6.07
6.14
6.01
6.39
6.3
6.45
6.41
6.51
6.26
6.5
6.4
6.48
6.3
5.74
5.73
5.16
4.86
4.87
5.05
4.89
3.29
3.29
3.78
4.33
4.61
4.25
4.11
4.14
4.53
4.19
5.18
5.85
5.57
4.94
5.62
4.27
4.37
4.97
6.02
4.63
5.23
5.5
5.16
4.52
5.14
4.58
4.41
4.94
5.11
5.31
5.1
4.97
5.07
3.06
2.81
3.38
4.45
4.33
4.24
4.06
3.9
3.82
4
3.27
3.14
2.61
2.6
2.04
2.97
2.58
2.19
1.35
2.11
1.81
2.79
2.05
1.93
4.24
3.89
2.47
2.48
2.78
1.7
2.13
1.72
2.01
2.38
1.8
3.01
2.54
1.51
1.14
2.24
1.83
2.06
2.22
1.95
1.32
0.88
1.32
2.87
2.19
1.75
1.37
2.38
3.04
3.38
3.43
4.07
6.26
6.85
6.61
6.58
6.84
6.62
6.74
6.64
6.93
7.12
6.94
6.91
6.62
6.68
6.3
6.56
6.19
5.92
6.61
6.53
6.72
6.66
7.11
7.67
7.69
7.53
7.24
7.21
7.1
7.05
6.69
6.37
6.06
6.69
7.02
7.01
7.13
6.11
5.06
4.57
4.61
5.06
4.17
4.34
4.89
5.12
5.25
5
5.57
6.27
6.48
6.81
6.46
7.29
7.76
7.79
7.83
7.5
7.78
7.62
7.46
7.08
6.98
6.49
5.88
6.29
6.72
6.4
6.42
6.13
6
6.18
5.62
5.24
4.46
4.13
3.77
3.3
3.68
3.9
3.44
3.3
2.77
2.28
2.34
2.05
2.67
2.54
3.12
3.14
3.39
3.06
2.36
2.31
2.48
2.8
2.51
2.93
2.15
2.04
2.66
3.02
3.41
2.87
2.47
2.7
2.21
2.27
2.86
2.29
1.66
1.89
2.83
2.69
2.35
2.73
3.03
2.31
2.33
2.73
2.15
3.14
3.45
4.12
3.61
3.04
3.39
3.44
3.93
5.23
3.81
2.81
4.39
5.08
4.93
4.32
5.02
5.53
4.57
4.32
4.23
3.96
3.84
3.32
3.27
3.83
4
3.52
3.37
3.27
3.07
3.16
3.12
3.02
3.34
3.08
3.45
3.37
3.47
3.27
3.01
2.85
2.79
2.77
2.75
3.16
2.94
2.6
2.3
2.15
1.9
1.65
1.29
0.95
0.53
0.4
0.32
0.28
1.24
1.91
1.82
1.52
1.23
1.14
1.27
1.26
1.5
1.35
1.55
1.42
1.34
1.86
1.4
1.72
1.89
1.53
1.68
1.52
2.07
2.33
1.93
1.65
1.58
2.01
1.81
1.36
1.23
1.06
1.44
1.48
1.46
1.57
1.71
2.01
2.1
2.32
2.64
2.56
3.19
3.2
3.03
2.83
2.81
2.97
3
2.79
2.75
2.56
2.56
2.22
1.93
1.78
1.67
1.47
1.33
2.13
3.12
2.44
2.92
3.11
2.96
2.89
2.76
2.96
3.04
3.67
3.48
3.5
3.4
3.48
3.51
3.39
3.4
3.18
3.64
3.81
3.97
3.79
3.86
4.39
4.07
3.65
4.3
3.66
4.46
4.38
3.01
3.86
3.58
2.88
2.58
2.22
2.1
2.07
2.87
2.69
2.12
3.39
3.95
4.42
4.68
4.13
5.22
5.17
4.66
4.09
4.95
5.08
5.17
5.83
6.18
6.08
5.33
4.89
5.15
4.75
4.54
4.5
4.82
4.83
4.69
4.23
4.03
4.3
4.32
4.15
4.23
4.51
4.84
4.96
4.98
4.09
3.07
3.53
3.42
3.68
3.69
3.04
3.53
4.05
4.65
4.52
3.71
3.75
4.2
4.41
4.55
4.52
4.12
3.85
3.62
3.42
3.12
2.9
2.91
3.28
2.7
2.54
2.79
3.25
3.02
3.31
3.68
3.5
3.37
3.39
3.46
3.35
3.36
3.13
3.46
3.43
3.78
3.78
3.67
3.18
3.04
3.23
3.28
3.14
3.14
2.74
2.37
2.08
2.31
1.45
1.02
1.2
1.43
0.91
1.69
0.99
1.38
0.76
1.29
1.21
1.46
1.1
0.91
0.99
0.75
0.86
0.92
1.06
1.51
1.03
0.81
1.38
0.54
0.98
0.95
0.81
1.03
0.58
1.01
1.23
1.35
0.97
1.69
1.49
1.29
1.41
1.04
1.53
1.29
1.32
0.92
1.37
1.24
1.37
0.76
0.76
0.54
1.12
1.88
1.79
1.69
1.7
1.38
1.09
0.56
1.16
0.99
0.7
0.93
3.32
3.8
3.07
3.13
3.17
3.02
3.02
2.24
2.58
2.35
2.01
1.71
1.49
1.32
1.11
0.72
1.5
1.52
1.19
0.62
0.41
0.47
0.62
0.53
0.85
1.35
1.68
2.09
2.32
2.29
2.54
2.71
3.12
3.36
3.19
3.84
4.21
4.09
4.09
4.7
4.68
4.82
4.55
4.22
4.05
4.44
4.56
4.4
4.49
4
3.71
3.53
3.51
3.36
3.33
3.26
3.35
3.65
3.79
4.03
4.45
4.58
4.27
4.03
4.33
4.34
4.32
4.19
4.05
3.77
3.92
3.78
3.56
3.59
4.07
3.94
3.82
3.54
2.96
3.37
3.6
3.49
3.12
2.96
2.9
2.69
2.29
1.86
1.57
1.7
1.58
1.8
2.15
2.1
1.88
2.74
2.51
2.56
2.81
3.16
3.07
3.61
3.33
4
3.65
3.18
3.37
3.58
2.97
2.84
2.56
2.23
2.7
2.73
2.44
2.22
1.8
2.6
2.79
2.91
2.9
3.06
2.21
3.31
3.61
2.93
3.21
2.84
3.08
3.81
3.43
3.74
3.93
3.3
3.93
3.69
3.23
4.22
3.8
3.8
4.48
4.92
4.93
4.46
4.71
4.48
4.92
4.92
5.16
5.17
5.11
5.02
5.4
5.92
6.3
6.69
6.76
6.92
6.52
6.22
6.82
6.73
6.58
6.47
6.21
6.68
6.99
7.13
7.28
7.46
7.41
6.79
6.49
6.37
6.62
6.99
6.98
6.91
6.87
6.72
6.52
6.51
6.68
6.54
6.32
6.42
6.26
6.34
6.19
6.27
6.19
6.41
6.56
6.53
6.6
6.61
6.67
6.56
6.39
6.37
6.36
5.76
5.9
5.99
5.79
5.63
5.49
5.29
5.5
5.48
5.31
5.16
5.31
5.77
5.64
5.45
5.19
4.9
4.98
4.44
4.57
4.44
4.67
5.01
5.09
4.77
4.6
4.57
4.72
4.55
3.45
3.16
2.87
2.58
2.53
2.71
2.99
3.15
2.59
3
3.69
2.9
2.82
2.71
3.23
3.51
4.56
4.24
3.89
3.97
4.27
4.43
4.18
4.41
4.32
4.25
4.16
3.91
4.26
3.84
4.19
3.87
4.64
4.01
4.26
4.6
4.14
4.58
4.61
3.76
4.45
3.16
2.93
3.57
3.25
3.18
3.45
3.03
2.75
2.94
3.07
3.06
3.2
2.83
2.91
3.23
3.29
3.23
3.34
3.55
4.09
4.14
4.1
4.37
4.58
4.88
5.23
5.42
5.92
6.36
6.62
7.03
6.97
6.96
6.49
6.58
6.67
6.72
6.43
5.87
5.86
5.5
4.86
4.77
4.82
4.67
4.63
4.56
4.52
4.47
4.45
4.58
4.28
3.89
4
3.99
3.41
3.52
3.29
3.12
2.94
2.84
3.13
2.58
2.63
2.27
2.27
4.25
4.45
3.25
3.46
3.71
4.28
3.17
3.69
3.42
4.03
3.24
4.1
5.5
5.54
5.32
5.39
5.22
4.91
4.28
4.74
5.42
4.24
5.22
4.19
4.46
4.28
4.45
1.91
1.25
3.17
3.88
3.02
3.89
4.46
6.92
5.09
4.95
1.29
1.79
2.25
2.89
3.57
3.31
4.2
4.35
3.69
4.18
4.98
5.83
4.88
3.8
4.34
2.95
2.64
1.81
2.54
2.24
1.18
1.21
1.06
0.95
1.87
1.7
1.82
2.32
2.62
2.62
2.2
1.7
1.88
2.19
2.41
1.54
1.82
1.88
1.84
1.75
1.59
1.56
1.36
0.8
0.79
0.83
0.73
0.75
0.76
0.98
1.22
1.58
1.19
1.48
1.25
1.45
2.23
2.05
2.31
2.81
3.07
3.49
3.61
3.6
3.75
3.31
4.32
3.85
3.36
2.88
3.63
5.17
5.83
6.45
8.46
5.35
3.93
3.91
3.39
2.89
1.84
1.25
1.93
2.53
2.21
2.59
3.02
2.68
2.86
2.64
2.63
2.86
3.31
3.41
3.27
3.73
4.28
4.3
3.95
4.68
4.8
4.53
4.07
3.79
3.26
4.51
5.5
6.42
6.23
5.15
4.22
3.51
4.26
4.83
5.47
5.59
5.26
5.2
5.01
4.56
5.28
5.89
5.57
6.09
4.66
4.77
4.17
5.26
3.69
3.81
3.39
4.03
4.21
3.82
3.44
3.74
3.86
4.55
4.39
4.08
4.02
4.72
3.98
2.92
2.69
2.44
2.38
2.99
2.83
2.43
2.74
2.78
3.17
3.12
3.21
3.09
4.28
3.77
3.96
5.01
3.86
3.47
3.71
3.18
3.46
3.34
3.3
4.3
4.78
5.31
4.24
7.04
5.91
3.85
4.96
5.83
5.33
5.67
5.18
5.22
4.81
4.47
4.74
5.1
5.55
5.37
5.51
7.1
6.4
6.05
4.4
4.4
6.44
6.56
6.44
5.26
4.73
4.76
4.9
4.63
4.39
4.29
4.21
4.25
4.22
4.87
4.94
4.53
4.73
4.93
4.87
5.12
4.94
4.66
4.38
4.47
4.84
5.71
5.09
5.15
5.4
5.12
4.16
4.3
4.85
4.31
4.48
4.52
4.62
5.04
5.04
5.14
5.92
5.09
5.58
6.15
6.13
6.02
6.07
6.58
5.14
6.78
6.4
5.81
6.48
6.22
6.12
6.43
6.65
6.85
5.17
5.09
5.18
5.15
5.87
5.99
5.72
6.01
4.99
4
4.78
5.2
5.04
4.27
5.31
6.01
5.83
5.61
6.38
4.58
4.76
5.23
5.66
5.48
5.73
5.35
5.48
5.1
5
4.99
5.11
5.01
4.75
5.34
5.16
5.34
5.56
4.79
4.46
4.31
5.14
4.67
4.29
4.72
4.41
4.57
4.99
4.69
4.85
4.48
4.79
3.6
3.85
4.59
6.68
7.35
6.61
7.07
5.86
5.09
4.78
6.08
4.5
3.72
4.17
3.83
5.11
5.76
4.41
5.68
5.42
5.6
6.41
6.19
6.66
4.96
4.98
4.83
4.99
5.88
6.24
5.13
5.87
5.12
5.07
5.75
5.76
6.68
7.88
6.26
6.14
5.4
5.73
5.8
6.09
6.27
7.49
7.26
6.37
6.15
6.37
6.44
6.2
6.04
5.9
6.6
6.68
6.87
6.12
6.05
6.26
4.74
5.13
5.14
4.83
4.83
4.56
4.48
4.54
4.51
5.24
5.95
5.38
5.45
5.37
4.86
4.81
5.44
5.7
5.55
4.7
5.1
4.77
5.08
5.39
6.43
6.6
7.09
7.89
7.36
5.94
6.63
7.15
6.84
6.71
7.02
6.58
6.34
6.21
6.53
6.57
6.08
6.05
5.9
5.56
5.58
5.1
5.38
4.53
4.43
4.83
4.94
5.08
4.98
4.86
4.64
4.13
3.86
4.11
4.03
3.35
3.5
3.7
3.31
3.45
3.35
3.52
3.04
3.67
3.49
3.18
3.12
3.75
4.86
5.23
6.11
6.02
5.76
5.48
5.69
5.46
5.85
4.68
5.67
4.71
3.47
3.19
2.34
2.89
4.56
5.42
4.44
4.65
4.82
4.11
3.69
4.54
4.21
3.81
3.82
4.62
5.96
5.11
4.5
3.55
3.21
3.53
5.85
6.64
5.07
4.11
5.23
4.53
3.94
5.41
4.39
3.37
2.69
2.49
2.63
2.49
3.11
3.17
3.31
3.39
3.8
3.83
4.35
3.6
3.82
3.5
3.21
2.93
3.16
2.36
2.35
2.43
3.15
3.28
2.66
1.36
2.06
2.02
2.11
2.11
2.12
1.85
1.9
1.97
1.89
1.9
2.01
2.06
1.87
2.45
2.48
2.28
1.97
1.54
1.52
1.54
1.33
1.1
0.59
0.88
1.11
1.17
1.07
1.08
1.36
1.2
1.28
1.22
1.41
1.51
1.43
1.77
2.35
2.74
2.57
2.42
2.21
2.27
2.26
2.51
2.84
2.53
2.57
2.86
3.03
3.38
3.49
3.47
3.44
3.23
3.14
3.25
3.44
3.48
3.59
3.58
3.35
3.11
3.11
3.01
2.88
2.87
2.64
2.59
2.59
2.67
2.68
2.63
2.74
2.9
3.23
3.13
2.63
2.69
2.61
2.7
2.25
2.52
2.83
2.63
2.7
3.08
3.05
2.96
3.72
3.51
3.49
3.41
2.44
3.64
3.43
3.28
3.98
3.3
3.25
3.92
3.57
3.08
2.37
3.67
3.57
2.42
3.07
3.53
4.06
3.47
3.23
4.54
3.99
3.08
3.69
3.71
3.11
2.95
3.28
3.7
3.04
3.76
4.52
3.53
4.59
4.59
4.06
4.12
4.29
5.29
5.18
4.72
4.94
4.62
4.69
5.24
5.48
5.63
5.85
6.02
6.78
7.1
7.49
6.94
6.9
7.03
7.74
7.5
6.49
6.43
6.63
6.92
7.19
6.84
6.57
6.59
7.07
7.32
6.87
7.49
7.3
7.13
6.7
7.36
7.95
8.18
7.45
7.65
7.19
6.95
6.79
6.82
6.47
6.2
5.85
6.03
5.81
5.78
6.56
5.86
5.4
4.51
4.74
6.12
6.21
5.94
6.09
5.63
5.14
5.09
5.2
5.45
5.5
5.54
5.66
5.5
5.88
5.82
6.66
6.28
6.14
4.81
5.47
6.36
5.66
5.28
5.1
4.78
5.02
5.21
5.33
5.69
5.01
5.07
4.78
4.28
4.32
4.4
4.39
4.59
4.29
3.32
2.16
1.88
1.95
2.86
3.39
3.56
2.6
2.27
2.18
2.18
2.42
2.02
2.22
2.44
2.39
2.55
2.81
2.9
3.31
3.7
3.13
3.02
2.77
3.08
3.49
3.08
2.8
2.65
2.18
2.1
1.77
1.47
1.45
1.76
2.44
3.62
4.62
6.23
4.87
5.52
5.31
4.85
2.97
1.88
1.28
0.73
0.76
1.46
1.95
2.58
3.1
2.14
1.95
2.74
1.72
1.9
1.88
1.62
0.99
0.75
1.23
1.4
1.44
1.75
1.31
1.2
1.3
1.84
1.94
2.15
2.41
2.26
2.08
2.57
3.11
3.36
3.53
4.01
4.35
4.76
4.72
5.91
5.74
5.83
5.63
5.5
6.67
5.98
7.14
8.02
8.22
8.38
8.17
9.16
7.86
6.93
6.33
8.15
7.12
6.16
7.21
6.45
6.37
6.57
7.27
7.92
6.31
7.21
7.35
7.68
7.9
7.6
7.73
7.68
7.54
7.18
7.04
6.29
7.15
7.07
6.65
6.94
7.71
7.28
6.39
7.29
7.33
6.9
6.79
7.16
6.72
6.52
6.54
6.84
6.11
6.11
6.03
5.82
6.31
6.89
6.36
6.47
6.63
5.31
5.67
5.5
5.81
5.71
6.06
6.02
5.52
6.28
6.06
6.16
5.41
5.19
5.74
7.85
6.57
6.41
6.4
6.11
7.28
8.4
8.28
8.35
8.11
7.66
7.89
7.83
7.54
9.38
9.65
11.64
9.07
8.93
11.81
8.49
9.48
8.97
10.47
11.01
9.57
8.21
11.5
14.37
11.37
9.89
10.21
10.5
9.78
11.08
10.74
9.26
11.02
10.39
9.62
8.9
11.47
9.07
8.16
8.33
9.05
9.5
9.8
9.44
9.55
9.31
9.64
9.85
10.6
9.42
9.08
8.62
8.17
7.26
7.68
7.65
7.72
8.13
8.42
8.79
9.08
8.74
7.7
7.32
8.04
7.18
6.2
7.06
7.35
7.05
6.22
6.77
6.53
6.65
6.47
7.92
7.21
7.19
8.95
8.46
8.38
8.48
9.1
7.35
7.82
8.1
7.49
7.81
6.57
8.01
8.47
8.48
9.48
7.75
8.41
7.75
6.95
7.13
8.13
9.23
8.67
8.63
8.06
6.5
8.17
7.98
8.46
6.39
7.7
6.42
7.66
8.9
7.96
7.19
6.56
7.84
8
7.14
8.06
7.85
7.89
7.75
8.83
10
8.88
7.08
7.74
7.7
7.93
8.02
8.84
7.63
5.94
7.22
7.57
5.49
6.06
8.34
6.95
8.14
8.05
8.41
8.33
9.69
8.95
8.18
7.32
8.04
8.46
8.26
8.5
6.84
7.43
6.08
6.83
7.47
8.36
8.05
9.08
9.52
9.29
7.24
8.94
8.23
8.45
7.32
8
6.9
7.51
7.17
5.76
7.75
7.15
7.1
6.99
7.56
8.48
7.12
7.76
6.96
7.24
7.05
6.54
8.23
7.28
7.23
8.42
6.19
5.85
7.43
5.99
6.7
6.28
5.83
5.79
5.98
6.4
7.1
7.61
6.41
6.91
6.66
5.99
6.4
6.13
6.18
5.75
5.35
5.1
4.65
5.43
5.06
5.26
5.54
6.08
6.24
5.92
5.98
6.31
5.89
5.66
4.83
5.04
5.71
5.08
5.29
5.07
5.22
5.17
5.61
4.85
4.57
4.24
3.69
3.57
3.36
3.62
3.31
3.65
4.14
4.98
4.98
4.29
4.27
4.01
3.63
3.42
3.38
3.24
2.97
2.91
2.28
2.56
3.01
2.71
2.68
2.69
2.71
2.78
2.64
2.73
2.51
2.34
2.19
2.65
2.37
2.64
2.31
2.09
1.83
2.05
2.13
2.44
2.68
2.43
3.54
2.96
2.9
3.86
5.19
4.72
4.56
3.84
3.13
2.24
2.74
2.89
2.51
3.35
2.78
4.68
4.51
5.94
6.03
6.17
6.77
5.9
5.42
5
4.5
3.76
2.64
3.55
4.39
3.89
4.6
3.65
3.45
4.55
5.15
4.91
5.45
5.26
5.01
4.38
5.26
4.74
4.51
4.85
4.65
5.75
5.55
4.83
4.92
8.13
6.96
5.9
5.5
5.82
5.74
6.83
6.63
5.96
6.28
6.95
6.78
6.82
6.95
6.81
6.74
7.16
6.59
6.06
6.59
5.89
6.19
5.75
5.23
4.17
4.08
3.66
3.96
3.66
4.01
4.27
3.69
3.82
4.68
5.38
6.39
7.11
7.4
8.18
7.92
7.35
8.28
8.04
8.07
8.2
7.73
7.61
8.05
8.71
9.04
8.78
8.36
8.21
7.9
7.59
6.79
6
5.76
5.94
5.54
5.72
5.61
5.33
5.31
5.75
4.87
5.85
5.83
5.88
6.08
6.99
7.69
6.71
6.44
6.26
6.4
5.96
5.13
6.29
7.14
7.02
6.78
6.57
6.17
5.97
6.54
7.3
6.76
6.85
6.11
5.78
5.8
5.57
5.96
5.67
4.86
4.58
3.42
3.3
3.58
3.34
4.56
5.24
6.42
5.51
5.08
4.45
3.36
3.68
4.5
3.94
3.74
4.46
3.85
3.91
3.89
4.28
4.6
3.59
3.56
3.36
3.12
3.87
4.91
3.92
3.43
2.94
4.13
4.47
3.99
4.11
4.18
4.34
3.64
3.66
3.87
3.32
4.77
5.41
5.38
4.41
4.59
4.22
4.78
4.94
5.1
4.48
4.36
4.35
4.49
4.66
4.22
4.31
5.14
6.89
7.17
6.8
6.05
6.31
6.45
6.73
6.18
6.34
6.58
6.51
5.68
5.4
4.96
5.56
5.64
6.02
6.23
6.13
6.41
6.51
6.29
5.05
4.42
4.77
5.07
5.89
5.04
4.57
5.18
4.98
4.68
4.76
4.38
4.59
4.54
4.76
4.19
4.28
4.73
4.28
4.71
4.81
4.59
4.88
4.95
5.17
5.41
5.86
5.69
5.81
5.49
4.29
5.1
4.71
5.03
5.19
5.32
5.73
5.24
5.08
5.62
5.02
4.97
5.17
5.94
6.19
5.75
5.22
5.72
5.47
4.5
5.34
5.37
4.66
4.88
4.81
4.53
4.35
4.95
4.15
3.17
3.1
2.87
4.19
3.15
3.67
3.46
3.95
4.42
3.99
3.58
3.85
4.43
4.88
4.74
3.27
2.97
3.43
4.04
4.1
3.9
4.04
3.89
3.35
2.91
3.31
2.6
3.69
3.62
2.83
3.53
3.3
3.71
3.92
3.03
4.86
4.21
3.16
3.76
4.38
4.53
4.09
3.6
4.06
3.87
4.1
3.77
3.88
4.07
3.24
3.51
3.52
3.17
2.8
2.81
2.42
1.95
2.67
2.94
3.19
3.78
3.61
3.18
2.41
1.91
1.69
1.86
2.04
1.69
1.68
1.63
2.15
2.54
2.13
1.81
1.43
1.06
0.95
0.88
0.74
0.86
1.33
1.57
1.87
2.07
2.1
2.23
2.2
2.67
3.09
2.54
1.97
2.17
1.93
1.74
1.72
1.25
1.27
2.11
1.8
1.64
1.98
2.94
2.83
2.66
2.93
2.8
2.62
2.23
2.14
1.98
1.73
1.68
1.71
1.31
1.58
2.04
2.47
2.51
2.43
2.5
2.01
2.47
2.39
2.15
1.86
1.08
1.47
1.87
1.55
2.06
2.73
2.96
3
2.4
2.07
3.16
4.05
4.14
3.94
3.87
4.14
5.13
5.43
3.86
3.79
2.86
3.26
3.06
2.64
2.71
2.67
3.37
3.5
3.31
2.9
2.73
3.26
3.22
3.02
3.43
3.31
3.31
3.76
4.95
5.71
5.49
6.13
7.15
6.42
6.85
6.74
6.21
5.92
6.7
7.49
6.91
7.99
7.84
8.55
8.97
7.86
6.7
7.34
8.11
9.33
8.73
8.24
8.6
8.43
7.5
7.72
8.15
8.86
8.02
8.08
7.71
8.11
7.79
7.6
6.65
6.09
7.56
6.69
7.62
6.99
6.02
6.09
6.29
6.68
7
7.05
6.71
6.21
5.47
6.42
6.19
7.01
8.04
7.47
7.17
7.13
7.69
8.4
8.39
8.05
7.9
7.85
7.44
6.7
7.15
7.22
7.36
6.01
5.76
7.32
5.59
5.63
6.27
6.4
6.53
6.23
5.72
6.07
6.37
5.67
5.79
5.76
5.69
5.71
5.58
5.03
4.88
4.2
4.12
4.22
4.28
3.98
3.62
4.38
4.85
4.6
4.46
4.2
4.23
4.66
4.75
4.79
5.37
5.75
5.26
4.81
4.79
4.44
4.4
4.96
5.01
4.04
3.42
2.83
2.35
2.97
3.86
3.56
3.1
3.89
3.16
1.91
1.48
1.58
1.73
1.9
2.04
2.06
3.51
4.1
3.94
3.72
4.41
4.25
3.43
4.87
5.46
5.11
5.49
4.91
4.69
5.15
6.62
6.25
6.16
6.05
6.02
6.38
5.19
5.78
6.13
5.62
5.82
5.25
5.65
6.06
6.95
6.75
6.18
6.34
4.89
5.28
5.15
6.18
5.82
5.96
6.16
6.02
5.03
6.11
5.1
6.97
7.03
6.46
6.02
6.47
5.54
4.93
5.38
5.49
5.89
6.16
6.29
6.23
6.63
6.99
6.72
6.66
6.55
6.24
5.78
5.95
6.08
6.17
6.25
6.72
6.34
6.37
6.44
6.43
6.46
6.29
6.33
6.41
5.94
6.9
6.88
5.95
7.31
7.34
6.52
5.67
7.13
7.05
6.83
6.88
6.04
7.73
8.3
7.36
7.71
7.87
7.16
7.58
7.63
6.9
7.31
7.17
5.55
5.58
5.96
5.29
5.67
5.48
5.44
5.79
6.33
6.16
5.76
6.66
6.82
6.71
7.7
6.59
6.98
7.46
7.25
7.93
7.85
8.19
7.58
7.56
7.47
8.65
8.8
8.22
7.87
7.64
8.56
9.48
8.93
9.44
8.97
9.23
9.53
9.31
8.99
9.21
9.94
8.94
9.82
10.03
9.5
9.64
9.53
10.12
10.18
9.02
9.25
8.35
9.84
8.9
8.64
9.1
9.67
10.79
11.14
9.64
11.15
9.93
10.17
9.6
11.31
10.81
11.16
11.18
11.61
11.2
12.12
10.64
11.07
12.49
11.91
11.33
11.17
11.47
11.81
12.46
12.32
11.19
11.28
12.43
12.49
14.13
13.01
14.9
14.23
14.54
12.97
13.19
12.46
12.65
12.8
12.34
13.01
11.02
11.36
11.82
12.23
12.89
12.25
12.09
12.08
10.41
11.27
11.74
10.91
10.84
13.79
13.36
13.85
12.77
11.37
11.23
10.65
12.7
11.47
11.07
11.32
10.36
10.82
10.03
10.95
10.44
8.82
7.19
7.11
8.56
8.7
