1.66
1.55
2.19
1.7
1.4
1.53
1.92
1.97
1.74
1.25
1.57
1.91
1.37
1.48
1.37
1.59
1.13
1.74
1.47
1.94
2.05
2.97
1.84
3.15
4.08
4.61
4.17
4.65
5.95
5.96
7.5
6.59
4.33
5.39
4.64
5.29
4.25
3.55
4.39
2.77
2.66
3.36
4.11
3.28
2.84
4.45
3.21
3.28
2.76
3.04
2.78
4.74
3.32
3.94
2.63
3.67
3.06
3.96
4.15
3.73
4.84
4.29
4.22
1.88
3.16
4.78
5.82
3.55
2.8
3.79
2.86
2.73
2.3
1.68
1.75
2.12
2.31
2.55
2.42
2.52
2.79
2.87
3.1
2.05
3.3
3.02
2.68
2.38
2.46
2.73
2.02
1.85
2.38
2.74
2.38
2.55
2.66
2.9
2.42
2.33
2.79
4.02
3.44
3.32
3.13
3.04
2.31
3.88
3.06
3.71
3.36
3.27
2.86
3.14
3.83
2.56
2.38
3.37
3.39
4.24
3.88
5.28
4.89
4.24
4.44
4.17
4.24
3.91
4.52
3.96
4.67
4.12
3.7
3.85
3.59
4.08
3.1
2.8
3.71
3.5
3.3
3.7
3.76
3.34
2.92
3.03
2.6
3.54
3.08
3.29
4.06
3.78
2.92
3.11
2.84
2.42
2.73
3.32
3.4
3.36
2.23
2.79
2.73
3.04
2.47
2.7
2
2.04
2.35
2.48
2.52
2.53
2.55
2.52
2.17
2.79
4.05
2.51
2.55
2.92
2.38
3.01
2.67
2.39
3.1
2.9
2.82
3.13
3.37
3
3.19
2.52
2.69
3.28
3.64
3.35
3.91
4.06
3.81
2.61
2.85
3.07
3.37
3.39
3.11
3.15
3.83
3.3
4.48
3.29
3.06
3.52
4.01
3.88
4.21
3.53
4.51
4.05
3.66
3.63
3.87
3.47
3.55
3.59
3.49
2.81
3.94
3.63
2.98
3.6
3.77
3.78
3.77
3.85
2.94
3.12
2.95
3.7
3.74
3.51
3.63
3.77
3.86
4.49
4.48
3.96
3.32
3.56
3.75
3.74
3.6
3.76
3.25
3.42
2.93
3.22
3.26
2.4
2.59
2.86
3.02
3.06
2.5
2.27
2.75
2.99
2.5
2.52
2.81
2.74
2.57
1.99
2.25
1.98
2.26
2.35
2.54
2.44
1.89
2.15
2.22
1.89
2.67
1.95
1.88
2.14
2.36
2.46
3.14
2.73
2.07
2.02
2.9
2.74
3.11
2.16
2.77
2.85
2.52
3
3.69
2.87
2.66
2.92
2.97
2.5
2.7
2.34
2.51
2.91
2.58
2.19
2.62
2.23
3.07
2.15
2.46
2.5
4.04
3.19
3.74
2.71
3.34
3.01
3.11
2.92
3.52
3.21
3.11
4.33
2.97
3.14
3.13
3.43
2.73
2.67
2.73
2.72
2.81
2.69
3.01
2.52
2.87
2.7
3.12
4.05
2.72
2.72
2.21
3.27
2.65
2.71
2.7
3.21
2.98
2.44
2.94
2.74
3.17
3.26
3.34
2.99
3.53
3.28
3.45
3.17
2.71
2.97
3.78
2.98
3.99
3.66
3.45
3.23
2.99
3
3.45
2.89
2.76
2.45
3.53
3
2.7
3.64
3.63
3.18
2.78
2.33
1.99
2.03
1.97
1.96
2.46
2.52
2.69
2.94
2.22
2.12
2.31
1.86
2.47
2.09
2.25
2.44
2.62
1.78
1.81
2.26
2.29
2.39
1.94
2.41
2.73
1.59
1.56
1.77
2.44
2.18
1.85
2.64
2.71
2.8
2.96
3.16
3.01
2.74
2.74
2.99
2.44
2.74
3.14
2.82
2.19
2.66
2.71
3.28
2.85
3.41
2.54
2.61
3.23
3.05
2.95
3.14
3.24
3.16
3.09
3.52
2.95
3.17
3.35
3.33
3.32
3.12
2.69
2.48
2.95
3.01
2.88
3.15
2.24
2.52
2.02
2.65
2.96
3.18
2.41
2.59
3.14
2.01
2.19
2.54
2.92
2.18
2.26
2.12
1.79
2.5
2.4
2.79
2.53
2.46
2.24
2.18
2.65
2.94
2.22
2.76
2.29
2.2
2.44
2.38
2.09
1.86
2.59
2.22
1.97
1.85
1.47
2.06
2.51
1.91
2.26
2.2
1.85
2.14
1.71
2.02
1.77
2.03
1.58
1.74
1.57
1.82
1.37
1.76
1.58
1.77
2.29
1.71
1.74
1.83
2.08
1.82
2.15
1.53
2.33
1.71
2.62
1.96
2.08
1.87
1.89
1.92
2.16
2.52
1.94
2.12
2.13
1.99
2.59
2.71
2.83
2.71
2.03
2.23
1.97
1.86
2.12
2.16
2.24
1.54
1.77
1.77
2
2.15
1.88
2.04
2.41
1.84
2.04
1.59
1.87
1.35
1.47
1.52
1.31
1.48
1.54
1.71
1.48
1.73
1.39
1.63
1.18
1.14
1.18
1.05
0.99
0.87
0.95
1.23
0.8
0.89
1.18
1.14
1.28
1.2
1.26
1.24
1.68
1.47
1.32
1.31
1.99
1.61
1.84
1.75
1.83
1.58
1.21
1.33
0.79
1.33
3.15
3.35
3.53
3.86
3.94
2.86
2.6
1.43
1.22
1.52
1.37
2.48
2.71
2.3
2.32
2.36
2.91
2.18
1.22
1.72
1.01
1.27
2.05
2.65
1.67
1.76
2.46
1.8
2.03
2.13
2.75
2.05
1.84
1.84
1.67
2.3
1.53
4.05
5.09
4.77
2.04
1.68
1.84
2.07
1.73
1.9
1.69
1.97
1.87
3.07
2.7
2.71
2.27
2.63
2.1
1.73
1.89
1.88
2.13
2.56
2.01
2.27
1.77
2.18
2.12
2.06
2.82
2.26
2.31
2.73
2.5
2.45
1.82
1.98
2.72
1.97
2.37
2.03
1.82
1.57
2.04
2.96
2.55
1.63
2
1.51
1.72
1.51
1.48
1.63
1.48
1.56
1.24
1.27
1.67
2.26
2.98
2.7
2.77
2.26
2.27
2.51
3.31
3.56
4.05
3.96
3.74
4.05
3.76
3.18
1.76
1.86
1.41
1.35
1.33
1
1.29
1.29
1
0.85
1.15
1.1
1.01
1.09
1.4
1.18
1.05
1.14
1.16
1.24
1.22
1.41
1.01
1.21
2.09
3.38
2.62
3.31
1.63
1.45
1.59
1.18
0.57
0.6
0.66
0.88
1.14
1.73
0.87
0.72
0.71
0.86
0.93
1.12
1.26
1.11
1.24
1.11
0.97
0.96
0.86
0.9
0.67
0.5
0.77
0.8
0.95
0.88
1.04
1.11
1.17
0.74
0.57
0.92
1.19
1.04
1.31
1.27
1.14
1.6
1.13
1.83
1.55
1.89
2.05
1.35
1.79
2.29
1.74
1.68
1.4
1.42
1.64
1.23
1.66
1.48
1.31
1.8
1.52
1.33
1.46
1.4
1.53
2.33
1.3
1.56
1.35
1.21
2.87
3.11
1.36
3.07
1.66
1.43
1.09
1.12
1.33
1.17
1.28
1.74
1.45
1.18
0.83
0.86
1.13
1.36
1.16
1.26
0.95
0.9
1.08
2.36
2.04
1.88
2.74
1.99
2.02
1.9
1.9
2.24
2.13
2.07
2.23
1.96
2.4
2.11
2.48
2.89
2.62
2.06
2.35
2.25
2.73
3.34
3.19
3.17
2.95
3.17
3.18
2.62
2.24
2.41
2.25
2.35
2.12
2.65
2.31
1.81
1.88
1.94
2.37
2.26
2.74
1.87
3.84
3.67
3.71
2.98
3.17
3.3
2.99
3.17
3.62
3.47
3.66
2.8
2.19
3.42
4.51
2.83
2.95
3.76
3.76
4.14
3.24
3.23
2.67
3.76
3.47
2.45
3.28
3.12
4.21
4.66
4.61
4.72
4.43
3.64
2.31
2.32
2.51
3.78
2.6
4.03
2.75
2.03
2.71
3.02
3.77
3.61
3.4
3.86
2.8
3.11
3.05
3.62
2.99
3.15
3.38
4.14
3.53
2.79
2.96
3.13
3.42
4.07
2.98
3.64
3.23
2.56
2.29
2.95
2.19
2.34
2.93
4.21
2.53
2.51
3.92
2.73
3.62
2.45
1.96
2.36
2.32
3.37
2.5
2.1
2.01
2.4
2.51
2.44
2.94
1.84
2.07
2.56
2.54
2.67
2.52
1.99
1.79
2.22
2.39
2.68
3.02
2.8
2.48
2.73
2.91
2.88
2.45
2.34
2.14
2.21
2.33
2.39
2.28
2.15
1.89
2.43
2.17
2.02
2.53
2.99
2.91
3.16
2.98
3
2.57
3.15
3.42
3.99
4.14
4.04
4.17
3.94
3.52
3.92
4.76
5.08
4.85
5.09
4.82
5.27
4.56
5.04
4.3
4.06
4.48
4.77
5.43
5.15
4.7
5.17
4.81
4.74
4.9
4.71
4.42
4.47
4.6
4.55
4.86
4.83
5.19
5.15
5.79
5.42
5.73
5.74
5.83
5.48
5.22
4.76
4.2
3.13
3.72
3.37
3.23
2.34
3.65
2.94
2.76
3.01
2.02
3.32
2.01
2.78
3.04
2.72
3.43
3.01
3.08
3.43
2.58
3.74
3.84
2.48
3.34
3.01
2.82
3.06
2.77
3.13
2.62
3.5
3.01
3.82
4.02
4.19
3.2
3.28
3.64
4.56
4.09
4.69
4.65
3.84
5.82
5.7
4.43
4.73
4.77
4.17
4.21
4.23
2.68
4.63
3.97
5.16
3.99
2.5
4.97
6.08
6.57
7.31
7.01
7.91
6.53
6.49
4.44
3.56
4.26
4.6
3.37
3.74
3.86
4.87
4.73
3.1
2.6
2.77
3.2
3.42
3.25
3.42
3.47
3.93
4.29
4.34
4.43
4.17
3.63
4.74
4.57
3.47
3.55
4.44
4.45
4.8
4.18
2.77
2.07
2.15
1.91
1.95
2.31
2.53
2.78
2.29
2.53
1.84
1.97
1.89
1.65
1.97
1.77
1.91
2.09
2.55
2.66
2.32
2.12
2.77
2.81
3.33
2.94
3.08
3.27
3.63
3.03
2.48
2.42
2.98
3.02
2.96
3.05
1.91
2.02
2.29
2.4
2.35
2.8
3.37
2.82
2.77
2.49
2.1
1.75
1.56
0.87
1.36
1.23
0.74
0.9
0.62
1.78
1.67
2.02
1.35
1.12
0.96
1.7
2
1.26
1.72
1.84
1.68
1.22
1.84
1.75
2.09
1.98
2.21
1.38
2.21
2.24
2.54
2.18
2.87
2.53
2.67
2.24
1.45
1.89
2.92
1.58
2.14
1.52
3.44
3.25
2.63
3.51
2.93
2.53
2.08
2.51
2.14
2.73
2.05
2.24
1.76
2.04
2.31
2.46
2.3
2.01
2.2
1.47
2.2
1.25
1.34
1.42
1.7
1.19
1.27
1.05
1
1.23
1.97
1.7
1.7
2.31
1.98
1.81
1.51
1.91
2.05
1.43
1.65
1.96
1.6
1.77
0.97
0.77
1.24
1.2
1.2
0.97
1.37
1.35
1.27
1.33
1.02
0.7
0.76
0.75
0.63
0.59
0.36
0.39
0.32
0.18
0.25
0.28
0.46
0.87
1.1
0.96
1.3
1.68
0.91
0.75
0.78
1.75
2.19
1.78
0.87
0.65
0.6
0.62
0.68
0.7
1.47
1.51
1.18
0.96
0.94
1.09
1.34
1.16
1.12
1.25
1.3
1.55
1.45
1.35
1.36
1.36
1.35
1.34
1.27
1.72
1.63
1.68
1.88
1.67
1.49
1.91
1.94
2.02
1.88
1.91
1.92
2.51
2.46
2.7
3.2
2.86
2.73
3.54
3.34
2.93
3.2
4.15
3.26
2.67
3.91
2.49
3.18
3.64
3.8
3.8
3.73
3.45
3.13
3
3.42
3.44
3.43
3.47
3.11
3.9
3.92
3.85
4.14
3.58
3.04
3.53
4.05
3.32
3.26
3.04
2.8
3.02
2.82
3.27
2.89
2.82
2.97
3.39
3.54
3.29
3.11
3.85
3.3
3.16
3.61
2.93
2.87
2.83
2.91
2.68
3.61
3.72
3.5
4.07
4.8
3.33
3.15
2.88
3.28
3.66
3.07
2.83
2.86
2.99
3.27
5.81
4.75
5.67
8.01
4.8
4.85
5.1
4.73
4.48
4.19
3.28
2.83
2.64
4.25
4.5
4.29
3.95
3.63
3.14
3.21
4.73
4.6
4.53
6.01
4.82
4.43
4.6
4.28
4.77
3.87
4.73
4.85
4.02
3.78
4.34
5.06
4.64
4.49
4.02
3.78
3.38
3.44
3.74
2.61
3.15
3.49
3.86
4.83
2.63
2.83
2.9
2.96
3.04
2.53
2.18
2.15
1.8
1.87
1.8
1.79
2.83
3.09
3.43
4.55
3.05
1.53
3.27
3.39
3.13
3.37
3.26
3.26
3.29
3.59
3.58
3.72
4.29
2.86
4.33
2.3
4.57
3.01
3.1
4.76
3.69
2.61
5.14
4.31
3.23
3.22
4.47
3.66
3.06
3.87
3.69
5.29
5.12
4.55
6.13
4.47
3.7
4.2
3.44
3.57
3.21
2.89
3.1
3.48
2.84
2.65
3.66
2.6
2.82
3.86
3.78
3.17
3.46
2.49
2.43
1.5
2.24
3.2
2.03
1.36
1.54
1.84
2.32
2.81
3.66
3.86
3.19
2.45
3.64
3.03
2.61
2.49
3.25
3.36
3.46
2.33
3.22
3.04
3.06
4.36
3.43
2.62
3.15
3.72
3.27
2.87
2.64
3.51
3.83
2.97
5.19
5.85
4.28
3.68
4.14
2.99
3.01
2.94
3.43
3.28
4.82
3.89
4
5.19
4.71
4.85
4.98
5.58
5.05
4.39
3.31
4.68
4.79
5.22
4.75
5.63
4.57
5.89
5.59
5.01
4.34
5.42
5.25
4.82
4.77
4.01
4.52
4.67
4.94
4.41
5.31
5.5
5.54
4.83
4.05
4.05
3.53
3.13
3.52
3.04
2.9
4.2
3.15
2.69
2.81
3.19
2.97
2.5
2.65
2.54
2.81
2.78
2.64
2.01
2.13
2.09
1.88
2.44
2.04
1.98
1.77
3.1
3.95
2.36
2.72
3.53
5.25
3.94
2.88
2.93
3.14
4.97
4.21
2.45
4.58
2.29
2.95
4.3
2.58
2.69
3.22
3.08
3.43
4.14
3.02
3.26
2.61
4.52
3.07
4.41
5.26
3.97
3.83
4.74
4.22
3.14
3.08
4.04
3.16
2.98
3.72
4.09
3.3
4.06
3.56
3.59
3.03
2.12
1.88
2.11
2.27
1.79
2.56
3.38
3.86
4.05
4.37
3.89
3.29
4.24
3.85
2.81
4.01
3.22
2.56
2.55
2.53
2.28
1.39
1.42
1.6
1.62
2.39
2.07
1.72
2.27
1.93
1.73
2.45
2.39
2.5
2.13
1.92
1.59
1.48
2.03
2.31
2.08
2.86
3.18
3.69
3.41
2.95
2.31
1.86
0.7
0.89
0.9
1.03
2.05
0.84
0.34
0.45
0.3
0.42
0.27
0.3
0.66
0.63
1.85
2.53
2.2
1.58
2.08
3.02
2.59
1.69
1.81
1.47
1.39
1.4
1.92
2.06
2.99
3.79
3.96
4.95
5.15
4.46
4.51
3.47
3.69
3.15
3.41
3.47
2.63
3.49
2.81
2.79
3.63
3.52
3.08
3.75
6.33
2.79
2.98
4.54
5.79
6.66
6.42
5.53
4.7
5
3.78
3.66
3.69
4.51
4.88
5.17
5.2
3.31
4.66
4.94
4.29
4.51
4.18
7.26
5.77
5.39
5.41
4.74
5.42
5.99
4.83
4.17
5.18
6.98
6.7
4.54
3.3
3.06
3.15
4
3.66
3.6
3.35
2.54
2.84
2.08
2.53
2.67
2.77
3.68
2.74
2.33
2.3
2.37
2.88
1.79
2.32
1.89
3.14
2.28
2.28
1.73
2.68
2.27
2.17
2.13
2.56
2.4
2.38
2.08
2.52
3.24
3.94
3.95
3.17
2.63
3.31
3.69
3.02
3.11
3.24
3.13
2.86
3.32
3.04
3.05
2.69
2.59
3.14
2.65
2.72
2.89
2.11
2.45
2.34
1.79
2.38
2.06
2.28
3.07
5.01
6.19
4.99
2.16
2.22
2.02
1.89
1.75
1.75
2.36
1.79
2.01
2.13
2.24
4.64
10.62
2.22
2.53
2.7
2.58
2.74
2.67
2.27
2.26
2.35
2.4
1.79
2.1
2.6
2.33
3.41
4.12
5.86
8.39
9.89
10.69
8.71
9.72
9.35
9.23
9.03
8.3
3.89
5.18
4.36
4.04
3.08
3.47
4.61
3.81
4.05
3.42
2.77
4.11
3.55
3.84
5.38
4.6
4.45
4.6
5.59
5.97
6.45
6.52
6.96
7.79
7.07
4.95
2.5
3.49
5.49
6.5
4.73
4.91
5.8
5.22
4.81
3.2
4.71
6.56
6.04
4.17
3.58
4.8
5.32
4.77
5.05
6.38
6.29
5.69
5.68
5.21
5.47
4.7
4.51
5.39
3.74
4.87
4.2
3.75
2.62
3.84
3.73
3.64
4.85
3.86
4.15
3.82
3.79
3.81
3.92
3.75
3.88
4.6
5.04
4.83
4.27
3.94
3.55
4.26
3.29
2.88
3.32
2.76
3.45
3.66
3.27
3.91
3.66
3.2
3.51
2.97
2.65
2.42
2.53
2.4
2.86
2.37
1.92
2.37
3.06
1.81
2.23
2.16
3.13
1.88
1.6
1.77
2.16
1.67
2.12
2.47
2.08
3.33
2.4
2.14
2.34
2.3
3.13
2.83
2.36
2.94
2.57
2.03
2.02
1.82
2.57
3.32
3.87
3.33
3.71
3.98
3.24
3.69
3.64
3.45
2.94
3.99
6.12
5.74
6.75
7.66
5.54
5.69
5.18
6.02
5.96
6.23
7.11
7.42
5.52
4.95
5.01
5.63
5.83
5.01
5.97
5.87
4.66
5.3
4.56
4.96
4.17
3.37
5.28
5.09
5.19
4.82
5.64
4.93
6.09
4.86
4.74
5.79
4.93
4.01
5.65
4.38
5.01
5.29
5.82
4.46
4.26
3.74
5.05
4.79
4.43
2.69
1.4
1.79
1.7
1.13
2
2.63
2
2.26
2.95
2.17
2.54
3.19
2.9
2.3
2.56
2.11
1.81
2.14
1.89
2.14
2.87
2.96
2.77
2.42
2.58
2.04
1.44
2.6
3.03
3.01
3.68
3.32
2.89
3.38
3.2
3.43
3.19
1.92
3.2
2.93
2.22
4.46
3.25
2.3
2.03
2.43
1.96
1.82
1.67
1.65
2.13
1.76
2.14
2.31
2.18
1.76
1.71
2.23
2.01
1.73
2.06
2.41
2.42
2.68
2.44
2.33
2.49
2.62
2.27
2.24
2.16
1.8
2.08
1.97
2.56
2.42
2.33
1.83
2.2
2.15
1.8
1.77
1.87
1.97
1.97
1.98
1.68
1.86
1.14
1.62
1.62
1.71
1.3
1.49
1.48
1.47
1.21
1.65
1.58
1.86
1.72
1.72
2.49
2.2
2.34
2.42
3.58
2.93
3.27
2.2
2.6
4.19
4.86
4.44
3.07
3.37
3.06
2.74
3.7
3.11
3.47
2.48
2.8
3.78
5.42
1.68
3.98
3.94
2.38
2.09
2.47
3.45
2.26
3.04
2.2
4.91
3.82
3.01
3
2.54
2.89
2.57
2.68
2.18
3.46
2.37
2.52
3.21
2.72
2.57
3.59
3.21
1.57
3.03
1.8
2.59
2.56
2.35
2.56
3.25
3.1
3.8
3.38
3.45
2.54
3.14
3.46
3.08
2.9
3.27
3.22
3.46
3.63
3.37
4.46
3.37
3.83
3.48
3.54
3.77
4.24
4.16
2.68
3.87
3.68
4.31
3.97
4.28
3.76
3.08
2.75
2.66
3.21
3.58
2.45
1.61
2.34
2.14
2.74
2.01
3.06
2.72
2.96
1.83
2.67
1.29
1.31
1.63
2.17
2.11
2.51
2.63
1.83
1.77
2
3.45
3.29
2.73
3.83
2.28
2.28
2.12
1.74
1.37
1.42
1.43
2.33
1.54
1.61
1.82
1.95
2.71
2.56
1.62
1.71
2.13
1.59
2.01
2.3
1.69
1.62
1.58
1.55
1.76
1.8
1.78
1.51
1.74
1.92
2.11
2.06
2.02
2.24
2.28
2.56
3.13
2.35
3.06
2.7
2.87
2.46
2.25
2.34
2.39
2.67
2.19
2.95
3.01
2.6
2.26
2.69
2.27
2.79
4.23
2.64
2.89
3.35
3.97
3.12
2.59
2.38
2.69
2.59
2.33
2.6
3.06
2.36
2.87
3.34
2.56
2.53
1.9
2.34
2.75
2.4
2.1
2.57
2.55
2.32
2.34
2.2
2.13
2.27
2.75
3.1
3.38
2.44
1.85
1.81
2.4
2.73
2.96
2.87
3.59
2.7
2.51
2.88
1.88
1.77
2.9
3
2.41
2.76
1.7
1.69
1.95
1.61
1.68
1.64
1.56
1.82
1.63
1.5
1.42
1.59
1.64
1.54
1.54
1.42
1.44
1.47
1.56
1.57
1.5
1.34
1.33
1.49
1.58
1.25
1.33
1.36
1.19
1.43
1.12
1.09
1.29
1.04
1.17
1.34
1.4
1.39
1.25
1.07
1.32
1.19
1.49
1.12
1.16
0.82
0.77
0.74
0.88
0.91
0.81
0.87
1.03
0.87
1.04
1
1.06
1.18
0.92
0.77
1.13
1.37
1.36
1.37
1.07
1.11
1.24
1.83
1.51
1.66
1.63
2.06
1.88
1.47
1.32
1.62
1.59
1.18
1.26
1.63
0.89
1.11
1.37
1.35
0.79
1.62
0.88
1.24
1.61
0.97
1.37
1.88
1.36
1.12
0.91
1.34
1.33
1.05
1.23
1.82
1.94
1.01
1.19
1.13
0.87
1.42
1.54
1.04
0.47
1.03
1.24
1.4
1.41
1.18
0.91
0.89
1.11
0.86
1.2
1.24
0.8
1.29
1.14
1.24
0.89
1.48
1.12
1.7
1.86
1.6
1.27
1.23
1.14
1.16
1.88
1.13
1.46
1.13
0.81
1.89
2.05
1.45
1.05
1.43
1.5
1.31
1.21
1.3
1.87
1.82
1.54
1.18
1.26
1.3
1.25
1.12
1.34
1.25
1.32
1.25
0.92
1.04
0.95
1.04
1.01
1.23
1.39
1.49
1.65
1.28
1.59
1.74
1.77
1.87
1.88
1.94
1.8
2.04
1.73
2.01
1.52
1.91
1.82
1.85
1.84
2.02
2.72
2.15
2.06
2.07
1.62
1.79
1.74
2.06
1.53
1.56
1.86
2.06
2.54
2.88
2.82
2.55
3.1
2.19
1.99
2.32
2.43
2.32
2.36
3.22
2.69
2.93
2.63
2.78
2.35
2.07
2.47
2.52
2.81
2.3
2.58
3.24
2.7
2.53
2.67
3.04
2.66
2.52
2.79
3.09
3.12
2.56
2.6
3.63
3.05
4.39
4.35
3.05
2.79
2.78
2.51
2.73
2.92
4.6
3.24
2.98
2.77
3.09
3.3
2.55
2.98
2.67
2.56
2.47
2.64
2.34
2.84
3.24
2.85
2.16
2.98
2.6
2.3
2.56
2.55
1.8
2.25
2.62
2.92
2.39
2.36
2.78
2.59
2.57
4.47
6.08
4.19
4.31
4.33
4.66
2.8
3.4
3.32
2.04
2.17
2.27
3.54
4.02
3.77
2.81
3.43
3.64
3.75
4.21
4.35
4.49
3.58
4.16
3.92
3.4
3.66
3.11
3.81
3.56
2.99
3.31
3.66
3.33
3.45
3.31
2.62
3.19
2.77
2.64
2.32
2.74
2.6
3.02
1.54
1.17
1.94
1.99
1.51
1.27
1.12
1.46
2.41
3.14
3.31
2.35
1.43
1.73
3.27
4.31
4.22
2.41
2.28
2.57
2.45
2.56
2
2.81
2.4
2.56
2.74
1.62
1.48
1.93
1.75
1.81
1.94
1.43
1.91
1.93
2.2
1.88
2.19
1.7
2.55
2.42
2.33
2.21
2.72
2.38
1.77
1.41
2
2.73
1.58
2.36
2.17
1.55
1.02
1.19
1.01
2.13
1.57
1.22
1.2
1.47
1.47
1.2
1.01
1.24
1.18
0.86
1.59
1.92
0.83
1.28
1.12
0.98
1.66
1.4
1.48
0.9
1.59
0.51
0.95
0.77
0.97
2.04
1.92
1.73
1.57
1.49
1.04
1.05
1.46
2.25
2.05
1.94
2.44
2.68
2.67
2.34
3.16
2.6
2.64
2.15
1.99
1.92
1.83
2.48
2.5
2.4
2.09
2.7
2.3
2.77
2.48
2.85
2.36
1.97
2
1.98
1.69
2.01
2.21
2.96
2.69
3.13
3.19
3.1
2.49
2.43
2.48
2.7
2.44
2.57
2.35
2.09
2.61
2.28
1.97
2.11
2.57
2.16
2.41
2.37
1.99
2.55
2.49
2.35
2.56
2.96
3.01
2.63
2.49
2.6
2.24
2.66
2.72
2.66
2.42
2.45
2.49
2.47
2.6
1.93
2.01
2.02
1.71
1.67
1.27
1.67
1.17
0.8
0.99
0.8
0.77
1.08
0.84
0.9
0.8
1.66
1.77
1.41
0.99
1.01
1.24
1.86
1.63
0.92
1.31
1.67
1.77
1.38
1.66
1.61
1.12
1.62
1.43
1.8
1.49
0.96
1.58
1.04
1.76
1.43
0.9
1.34
0.77
1.75
1
1.27
1.29
1.25
1.94
1.36
1.01
1.61
1.41
1.95
1.55
2.18
2.07
2.24
2.4
2.4
2.54
2.56
3.05
2.96
3.23
3.3
3.22
2.97
3.5
3.25
3.02
1.77
1.76
1.4
1.37
1.66
1.67
1.38
1.16
1.39
0.97
0.79
0.8
0.87
0.97
1.74
1.27
1.28
1.21
1
1.16
0.83
1.13
0.98
1.42
0.92
0.95
0.93
0.82
1.02
1.1
0.71
0.67
0.23
0.49
1.21
1.69
2.12
0.83
0.37
0.31
0.32
0.67
1.06
0.99
1.01
1.04
0.75
1.61
1.25
1.78
1.27
1.21
0.8
1.03
1.47
1.88
1.8
1.74
1.83
1.7
1.2
0.57
0.87
0.86
0.42
0.46
0.56
0.82
0.73
0.74
0.45
0.44
0.53
0.55
0.98
1.06
1.1
1.22
1.07
0.85
0.71
1.06
0.98
0.59
1.04
0.86
1.01
1.1
1.16
1.64
1.61
1.24
1.58
1.22
1.14
1.57
1.77
1.51
1.14
1.42
1.12
1.64
1.57
1.41
1.28
1.35
1.44
1.28
1.49
1.72
1.77
1.69
1.41
1.69
1.95
1.61
2.54
1.7
1.24
2.07
2.39
2.62
1.71
1.5
1.36
1.48
1.8
0.94
0.79
1.32
1.3
1.11
1.19
1.47
1.29
1.57
1.56
2.02
1.95
2.9
3.11
3.11
3.92
2.73
2.46
3.26
2.38
3.15
3.55
3.13
2.23
3.21
2.91
2.24
3.37
2.99
2.47
1.59
1.79
1.63
1.43
1.72
1.94
1.56
1.67
2.3
2.91
1.95
1.43
1.83
1.85
1.63
3.38
3.34
2.82
2.84
3.16
1.6
2.25
3.31
2.23
1.66
2.56
2.78
2.78
1.92
2.15
2.05
1.61
1.63
2.27
1.92
1.43
1.01
1.08
1
1.08
1.18
1.02
0.94
1.51
1.36
1.18
1.23
0.78
0.9
1.01
1.06
1.11
1.12
1.13
1.1
1.14
0.87
0.93
0.82
0.68
0.71
0.7
0.61
0.61
0.48
0.47
0.75
0.85
1.14
1.07
1.25
1.12
0.58
0.71
0.76
0.62
0.91
0.7
0.65
0.7
0.55
0.52
1.1
0.88
0.83
0.48
0.63
0.81
1.18
1.44
1.06
0.95
1.19
0.72
0.92
1.07
1.15
0.91
0.65
0.8
0.79
0.81
0.71
1.76
1.22
0.87
0.94
1
1.19
0.54
0.79
0.94
1.12
0.88
0.66
0.87
0.77
1.05
1.6
1.45
2.34
1.19
1.08
1.72
1.45
1.23
1.24
1.21
1.03
1.04
1.36
0.64
0.57
0.4
0.52
0.92
1.09
1.22
1.11
1.13
0.49
0.7
0.93
1.16
1.2
0.95
0.74
0.46
0.53
0.54
0.98
0.96
0.78
0.84
0.78
1.09
1
1.07
1.16
1.07
1.66
1.74
2.26
1.8
1.66
2.35
3.12
2.93
3.18
3.58
3.12
2.38
1.95
2.49
2.53
2.47
2.19
1.88
1.87
1.53
1.16
1.3
1.57
1.65
1.99
2.73
3.05
3.45
3.58
4.27
3.41
3.77
3.16
2.18
1.93
2.04
1.35
1.49
1.41
1.63
1.68
1.43
1.32
1.58
1.14
1.13
1.28
1.38
1.03
1.28
1.21
0.9
0.55
1.15
1.51
1.78
1.48
1.39
1.35
1.63
1.29
1.39
2.22
1.63
1.53
1.7
1.93
2.52
2.07
1.63
2
3.22
2.67
1.73
0.83
0.79
1.23
1.27
1.25
1.81
1.25
1.47
1.59
1.2
2.18
2.94
2.35
2.04
2.66
2.18
2.17
2.23
2.06
2.31
0.9
1.42
1.38
1.21
1.79
1.45
1.86
1.81
1.78
1.23
1.46
1.2
2.56
2.36
1.63
2.77
1.41
2.3
2.26
1.73
2.04
1.82
2.12
2.42
2.3
3
2.98
2.99
3.24
2.98
3.6
3.84
3.93
3.27
3.33
2.74
2.6
2.51
2.57
2.43
2.24
2.2
2.3
2.38
2.33
2.22
2.69
2.4
2.28
2.69
2.63
2.81
2.73
2.62
2.35
2.43
2.37
2.43
2.4
2.96
1.56
1.58
1.94
1.68
1.65
2.23
2.14
1.95
1.72
1.54
1.73
1.56
1.9
1.89
1.54
1.85
1.53
1.59
1.88
2.14
2
2.36
2.15
2.41
2
2.14
1.65
1.39
1.42
1.66
1.63
1.46
1.74
2.09
1.76
1.8
1.72
2.14
1.58
1.47
1.02
1.12
1.34
1.11
1.09
1.17
1.39
1.28
1.12
0.98
1.09
0.87
2.02
1.53
1.35
1.92
1.87
2.02
1.82
1.51
1.59
2.19
2.09
1.56
1.56
1.77
2.36
1.77
2.16
1.92
2.32
1.78
1.72
2.45
1.6
1.99
1.8
1.68
1.91
1.54
1.05
1.45
2.02
1.59
1.49
1.55
1.67
1.59
1.32
0.95
1.68
1.42
1.58
1.23
1.45
1.03
1.11
1.38
1.71
1.75
1.77
1.35
2.32
1.86
2.86
2.83
3.24
3.23
3.75
3.41
3.41
3.6
3.85
3.56
3.89
3.66
3.1
2.49
3.02
2.52
2.4
2.1
1.36
1.08
1.28
1.69
1.34
1.27
1.16
1.57
1.28
1.31
0.99
0.87
1.05
1.41
1.48
2.24
2.27
3.53
3.32
2.97
2.95
2.55
2.37
2.39
2.53
2.21
3.48
4.3
3.26
3.26
3.9
4.65
3.7
3.91
2.38
3.35
3.93
3.92
4.14
5.25
4.05
3.17
3.06
3.04
2.41
2.42
1.91
1.84
2.3
2.74
2.81
2.67
1.67
1.68
1.1
1.12
0.87
1.03
1.15
4.65
5.71
4.16
1.49
0.82
1.02
0.71
0.72
0.69
0.86
0.51
2.68
1.51
1.23
1.45
1.26
1.3
1.51
1.15
1.56
2.23
1.7
1.26
1.01
2.9
2.08
0.8
0.64
1.56
1.09
2.63
1.89
1.79
1.99
2.11
1.53
1.43
1.12
1.34
1.49
0.96
1.58
1.59
2.01
1.67
1.54
0.87
0.88
0.56
0.56
0.41
0.51
0.45
0.34
0.28
0.45
0.63
0.92
1.55
1.58
0.82
0.73
0.9
1.17
0.95
0.79
0.66
0.74
1
1.04
1.95
1.5
1.96
1.61
2.26
1.68
1.45
2.17
6.32
3.22
1.77
1.5
1.86
1.48
3.15
2.61
2.26
1.82
1.44
1.65
1.3
1.92
3.46
2.31
2.79
2.48
2.24
2.12
2.99
4.29
5.4
5.32
5.98
5.54
4.67
5.2
4.63
2.45
3.24
2.46
2.34
3.69
2.93
2.49
1.86
1.52
1.63
2.02
2.02
1.58
1.28
1.3
1.69
1.5
2.06
1.96
1.52
1.47
1.96
1.55
1.26
1.21
1.52
2.13
1.1
1.96
1.48
1.49
1.8
1.82
1.66
1.99
2.58
2.38
2.37
1.6
2.64
2.91
2.33
2.85
3.06
4.25
2.5
2.43
2.28
3.21
2.31
2.57
1.9
2.09
2.38
2.95
3.05
2.92
2.79
4.14
2.97
2.41
2.47
2.49
1.56
1.83
2.16
1.94
2.11
1.68
2.19
2.49
3.33
3.05
2.79
2.16
2.17
2.64
2.59
3.63
2.12
3.08
2.49
3.92
3.78
3.47
2.29
2.12
2.93
3.07
2.2
2.29
1.76
1.72
2.25
2.18
2.32
2.28
1.79
1.8
1.54
1.78
1.26
2.31
2.26
2.29
2.44
2.33
2.39
2.42
2.47
2.32
2.7
3.2
2.96
2.66
2.77
2.17
2.57
2.7
3.04
2.67
2.26
2.38
1.98
2.2
1.81
1.74
1.97
2.05
2.42
2.34
2.71
2.24
2.52
2.49
1.87
1.83
1.94
1.72
1.94
2.08
1.66
1.84
1.9
2.2
1.59
1.9
2.23
2.01
1.98
1.71
1.73
1.87
2.17
1.75
1.77
1.77
1.98
1.52
2.05
1.99
2.02
1.74
1.76
1.8
1.51
1.73
1.58
1.8
2.05
2.52
1.82
1.94
1.75
1.82
2.14
2.06
1.75
3.04
1.62
1.81
2.13
1.76
2.57
2.13
1.56
2.38
2.45
2.27
2.57
2.1
2.43
1.97
1.58
1.47
1.74
2.09
1.26
1.77
1.53
2.05
2.83
2.6
2.73
2.07
2.71
1.65
1.57
1.97
2.57
1.59
1.09
1.57
2.08
2.47
2.13
1.92
1.96
2.49
1.88
1.69
1.99
2.41
1.75
1.88
1.91
1.89
1.45
1.72
2.05
3.72
2.07
2.44
2.11
2.54
1.83
1.82
1.94
1.59
1.7
1.64
1.67
1.85
1.73
1.28
1.17
1.34
1.61
1.83
1.33
1.33
1.63
1.57
1.61
1.6
1.49
1.71
1.74
1.5
1.49
1.29
1.44
1.3
1.71
1.17
1.3
2.04
1.7
1.75
1.6
1.21
1.43
1.44
1.65
1.87
1.46
1.88
1.49
2.02
1.88
1.8
1.95
2.22
2.11
2.21
2.01
2.34
2.2
2.05
2.04
2.17
2.13
1.94
1.7
1.74
1.93
1.54
1.99
1.7
1.54
1.54
1.35
1.08
1.34
1.4
1.3
1.22
1.35
1.47
1.41
1.25
1.25
1.11
1.03
0.95
1.09
1.59
1.12
0.96
0.83
0.93
0.76
0.95
1
1.03
1.1
1.11
0.83
1.65
2.33
2.02
1.69
1.88
1.3
1.95
2.86
2.1
1.33
1.53
1.35
1.78
1.58
1.16
1.34
1.43
1.54
1.53
1.78
1.71
2.17
3.37
2.66
2.31
1.61
1.46
1.72
1.61
1.27
1.66
1.53
1.56
1.72
2.96
2.92
1.53
2.08
1.7
2.21
2.71
1.79
1.43
2.35
1.51
1.2
1.38
1.03
2.73
2.29
1.63
2.32
2.01
3.08
1.86
2.4
1.85
1.15
1.63
1
1.18
1.09
0.75
0.85
0.94
0.96
0.85
1.47
0.8
0.47
0.66
0.78
1.4
1.37
1.09
0.77
0.66
0.78
0.86
1.11
1.14
0.95
0.49
0.86
0.9
1.2
1.21
1
0.52
0.22
0.27
0.66
0.8
0.92
0.75
0.24
0.25
0.44
0.76
0.63
0.47
0.5
0.42
0.6
0.64
0.72
0.74
0.8
0.85
1.18
1.06
1.24
1.26
1.19
0.92
1.2
1.38
1.24
0.99
0.91
0.94
1.12
1.09
0.98
0.98
0.94
0.87
0.98
1.03
0.98
0.9
0.73
1.22
1.27
1.38
1.4
1.05
1.32
1.22
1.49
1.54
1.65
1.45
1.37
0.63
0.8
0.62
1.05
1.28
1.12
1.05
1.05
1.16
1.07
1.71
1.98
1.4
1.4
1.49
1.38
1.47
1.26
1.37
1.52
2.06
1.89
1.86
1.54
2.61
2.24
1.67
1.81
1.87
0.78
2.16
0.97
1.95
1.34
1.97
1.43
1.89
1.22
2.2
1.92
1.7
2.01
2.11
1.67
2.42
1.1
1.75
1.47
2.42
2.18
3.68
1.33
1.61
1.34
1.46
2.28
3.78
3.13
2.96
2.19
2.62
2.31
1.73
2.33
2.68
3.02
3.33
4.15
3.97
3.15
3.13
4.16
3.88
2.74
3.76
3
3.7
4.6
4.03
3.41
2.98
3.07
3.16
3.26
3.07
2.71
2.4
2.37
2.38
2.71
2.65
2.57
2.42
3.3
2.96
2.47
2.19
2.36
2.4
2.44
2.08
2.45
2.42
3.05
2.07
2.77
2.43
2.62
2.38
2.25
2.1
2.33
2.09
2.21
2.14
1.87
2.13
1.69
1.72
2.06
2.03
2.35
1.62
2
1.8
2.2
2.33
2.23
2.29
2.17
2.29
2.53
1.9
2.08
2.25
2.1
2.1
2.31
2.05
1.89
2.09
1.91
2.31
1.34
1.39
1.75
2.26
1.93
1.43
1.5
1.17
0.91
1.27
1.09
0.77
0.88
1.78
1.08
1.25
1.11
1.36
1.27
1.97
1.78
1.99
2.11
2.47
2.19
1.6
1.6
1.42
1.07
1.24
1.12
0.89
0.92
0.71
0.66
0.64
0.72
1.1
1.44
2.25
2.38
2.3
1.94
1.95
1.13
0.55
0.57
0.54
0.79
1.9
1.43
1.32
2.29
1.72
1.59
1.89
1.51
1.58
1.61
1.31
1.03
1.26
1.4
0.99
1.86
2.11
2.29
1.77
1.71
1.59
1.98
0.79
0.7
0.53
1.04
2.49
3.11
2.9
3.92
2.67
3.12
2.08
1.45
1.16
1.48
1.69
1.69
1.56
1.21
1.43
1.67
2.14
1.87
2.06
2.52
2.01
1.98
2.26
2.38
1.73
2.38
2.27
2.16
2.89
2.19
2.6
2.17
2.4
2.27
2.26
2.57
2.34
2.63
3.47
2.99
2.44
2.61
1.92
2.24
1.88
2.73
2.68
2.41
2.69
2.39
2.4
3.11
2.4
2.9
2.58
2.59
2.91
3.3
3
3.71
2.99
2.89
2.4
2.27
3.05
3.18
3.55
2.4
2.09
3.05
2.21
2.9
2.06
2.33
2.26
2.05
2.66
2.71
2.45
2.3
2.11
3.08
2.9
2.57
2.54
2.05
2.44
2.24
2.29
2.42
2.52
2.78
2.61
2.18
3.07
3.41
3.02
3.05
2.89
2.93
2.83
2.8
2.74
2.46
3.11
3.49
2.92
2.87
2.88
2.9
3.55
3.67
3.67
3.5
3.61
3.3
2.29
2.92
3.71
2.69
2.94
3.66
3.08
3.22
3.3
3.41
3.34
3.19
2.84
2.88
3.38
3.11
3.12
3.26
3.17
3.24
2.52
3.08
3.28
3.34
2.6
2.35
2.89
2.26
2.61
2.49
2.18
2.43
2.49
2.56
3.09
2.81
3.01
2.72
2.21
2.22
2.15
2.05
2.47
2.23
2.39
2.27
2.69
2.18
2.16
1.79
2.85
2.93
3.26
2.96
3.03
3.32
3.84
2.77
2.84
2.88
3.14
3.2
1.94
2.4
3.32
3.16
3.71
3.37
3.57
4.37
3.86
3.17
2.7
2.99
2.51
2.51
2.84
3.13
2.92
3.21
4.39
4.59
5.07
4.04
3.54
3.58
3.01
4.18
3.31
3.36
3.09
3.24
3.13
3.09
4.32
4.16
5.3
4
4.7
4.28
3.43
2.71
3.65
3.29
3.64
3.88
3.65
1.91
3.5
2.04
3.12
2.86
2.79
2.67
3.14
3.01
3.83
2.59
3.74
4.96
2.68
2.68
3.26
4.33
3.72
3.25
3.24
2.41
3.78
3.24
3.76
4.69
3.4
4.06
4.61
2.69
4.53
2.61
3.19
2.99
4.74
3.95
4.15
3.17
4.18
3.69
4.05
2.4
3.98
4.28
3.9
2.96
3.85
4.02
2.78
2.79
4.09
2.74
4.46
2.78
4.25
4.34
3.3
2.59
3.39
2.65
2.18
1.64
1.76
1.93
1.87
3.41
3.82
3.18
2.76
2.97
3.14
3.23
2.8
3.15
1.88
2.84
3.17
2.13
3.68
2.75
3.13
3.21
2.38
2.77
2.83
3.34
2.6
3.89
2.94
2.58
1.87
1.68
1.77
2.4
1.75
2.15
2.95
2.48
2.58
1.91
2.1
1.46
2.47
1.84
2.81
1.97
2.51
1.61
1.28
1.42
1.66
1.71
1.34
1.39
1.17
1.32
1.56
1.17
0.83
1.23
0.91
0.67
0.97
0.83
0.98
0.85
0.76
1.05
1.05
1.07
1.19
0.9
0.99
1.19
1.1
1.32
1.44
1.98
2.3
1.88
2.18
1.85
2.21
2.86
2.71
1.52
1.64
1.93
3.6
3.1
2.16
3.16
3.92
3.77
2.18
1.76
1.36
1.42
1.3
0.97
1.98
2.28
2.52
4.69
4.28
2.16
2.21
1.66
1.19
2.29
2.99
1.69
1.34
1.4
1.14
1.51
2.03
2.11
2.8
2.7
2.06
2.22
2.54
2.35
2.7
2.92
2.35
1.44
2.35
1.9
0.84
1.44
2.75
3.85
2.89
3.5
3.38
2.47
3.27
2.24
3.19
3.34
2.98
2.62
2.65
2.58
3.35
3.28
3.14
3.52
2.91
2.54
2.79
2.97
3.75
2.07
2.72
2.35
2.86
2.42
2.97
1.88
2.17
2.89
1.97
2.29
2.29
2.26
2.81
3.06
3.83
3.97
3.69
3.76
4.39
4.4
5.98
5.16
4.05
4.47
3.04
3.23
3.36
3.48
3.59
3.48
2.83
2.32
1.73
2.77
2.47
3.35
3.21
3.21
2.14
1.67
1.71
1.63
1.94
3.04
2.39
2.37
2.85
2.53
2.28
2.2
2.49
2.56
2.83
2.24
2.24
2.56
2.06
1.13
1.94
2.84
2.48
2.53
2.64
2.55
3.25
3.15
3.64
2.83
2.03
2.67
1.29
1.87
2.26
2.21
1.98
1.53
1.6
1.16
2.34
2.27
2.34
1.24
2.03
1.36
0.97
1.56
1.46
1.46
2.1
1.31
1.96
2
1.52
0.92
1.41
2.18
1.62
1.42
1.09
1.53
1.31
1.22
2.57
1.07
3.54
2.44
1.86
2.46
2.48
2.08
2.07
1.58
1.86
1.38
1.63
1.57
1.44
1.47
2.3
1.86
2.54
1.99
2.53
1.92
2.56
2.48
1.95
1.18
1.38
1.54
1.73
1.8
2.03
2.62
3.01
3.22
2.26
2.99
3.11
2.19
2.25
2.49
1.99
2.79
2.31
2.2
1.85
3.07
2.43
2.8
2.68
1.49
2.74
2.51
2.66
2.89
2.38
2.24
2.49
2.3
2.6
2.3
2.12
2.5
2.78
1.42
1.75
1.67
1.27
1.58
1.73
2.27
2.02
1.59
1.95
1.51
1.56
1.08
1.17
1.02
1.05
1.45
1.69
0.99
0.76
0.94
0.54
0.86
0.88
1.57
1.3
1.03
0.94
1.16
1.02
1.14
1.22
1.36
1.82
1.65
1.42
1.68
1.29
1.8
0.98
1.09
0.84
1.25
1.04
1.61
1.25
0.94
1.09
1.14
1.04
2.02
1.18
2.06
1.96
1.53
1.34
1.35
2.08
2.17
2.07
3.01
1.62
2.58
2.27
1.76
1.86
2.07
3.01
4.06
2.61
2.2
2.18
4.16
3.86
4.04
3.68
4.06
3.46
3.81
4.01
4.69
4.04
4.69
3.98
3.32
3.04
3.06
2.57
2.88
2.07
2.33
4.32
3.29
2.36
3.18
1.58
2
1.93
3.21
2.92
2.37
1.44
0.94
0.9
1.05
0.96
0.7
0.88
0.9
0.7
0.44
0.57
0.71
1.11
1.31
0.92
0.83
0.76
1.11
1.14
0.43
0.28
0.3
0.33
0.2
0.44
0.66
0.75
0.83
0.78
0.89
1.09
1.05
1.11
1.02
1.78
1.18
0.8
0.32
0.4
1.05
1.36
1.51
1.14
1.46
0.8
1.14
1.5
2.03
1.24
1.12
1.05
1.21
1.2
1.4
1.29
1.26
0.81
1.09
0.63
0.41
0.58
0.47
0.47
0.62
0.86
1.09
1.11
0.97
0.99
0.95
1.09
1.05
0.62
0.74
0.67
1.33
0.76
0.63
0.64
0.79
0.89
1.01
1
1.17
1.26
1.25
1.68
1.46
1.03
0.95
1.87
0.96
1.12
1.89
1.57
1.61
1.65
3.05
3.55
3.14
4.37
2.83
2.85
2.61
3.19
2.98
2.73
2.29
2.13
2.71
2.17
2.18
2.4
2.05
2.25
2.56
2.87
2.72
2.75
2.72
1.91
2.61
2.17
2.57
2.81
2.8
2.51
2.39
2.7
2.66
2.74
2.86
3.07
3.01
2.57
2.67
3.47
3
3.01
2.75
2.18
2.66
2.54
2.57
2.08
2.85
2.7
2.99
2.74
2.46
1.91
1.96
2.28
2.51
2.28
2.26
2.27
2.16
2.59
2.39
1.88
2.12
2.66
3.83
2.84
2.36
2.16
2.07
3.27
2.89
3.57
2.48
2.98
2.05
1.91
2.26
2.09
2.22
2.37
2.4
2.49
2.39
2.39
2.23
2.9
2.63
2.51
2.11
2.03
2
2.08
2.13
1.98
1.98
1.86
1.79
2.22
1.5
1.44
1.79
1.39
1.45
1.47
1.22
1.28
1.14
1.17
1.28
1.33
1.32
1.15
1.11
1.04
1.03
1.13
1.11
1.13
1.35
1.47
1.73
1.22
1.46
1.35
1.65
1.67
1.76
1.8
1.4
1.51
1.45
1.23
1.13
1.38
1.46
1.12
1.16
1.44
1.24
1.81
1.61
1.6
1.82
1.2
1.52
1.74
1.5
1.94
2.2
2.21
1.8
2.11
1.74
2.07
2.4
2.22
1.84
2.2
2.49
2.17
2.31
2.07
2.12
1.98
2.48
2.28
1.95
1.99
1.99
2.46
2.01
2.24
1.99
1.96
1.81
1.77
2.17
1.96
2.14
1.89
1.87
1.99
1.98
2.25
1.96
1.89
1.93
2.32
2.15
1.88
2.23
1.49
2.5
2.08
2.27
1.92
2.68
2.49
2.26
2.57
2.34
2.78
2.38
2.38
3.14
2.62
3.2
2.74
3
4.15
3.91
4.16
2.71
2.69
2.47
2.37
3.12
3.21
2.97
2.79
2.36
2.88
2.5
2.26
2.26
2.87
2.36
2.28
2.81
1.87
2.69
2.95
3.38
2.44
2.3
2.2
2.35
2.6
2.74
2.55
2.54
2.95
3.12
2.95
2.36
2.85
2.61
4.29
3.88
3.43
3.25
2.88
2.82
3.77
3.41
3.24
2.86
3.17
3.07
3.96
4.75
3.71
2.68
3.19
4.06
2.91
3.86
3.79
3.08
3.16
3.64
4.89
4.39
4.22
4.76
2.75
5.08
4.77
4.6
3.7
4.44
3.21
4.4
2.78
3.12
3.11
3.42
2.79
3.04
2.99
2.89
3.32
3.18
3.37
3.48
3.83
4.25
3.96
3.84
4.08
3.53
3.54
4.43
4.65
3.71
3.76
3.99
4.33
3.75
3.39
3.66
4.22
3.17
3.07
3.06
3.63
3.69
3.98
4.38
3.8
4.68
4.39
4.18
3.94
3.58
3.9
4.84
5.65
4.98
5.84
4.17
4.46
4.36
3.69
3.84
3.75
3.7
4.5
3.16
4.43
3.73
3.69
4.13
3.58
3.82
3.43
3.45
3.4
4.01
4.67
4.81
5.33
7.03
5.82
6.18
4.19
4.93
4.66
4.26
3.92
3.62
3.98
4.3
3.52
3.27
3.51
3.47
3.1
2.87
2.91
3.29
2.64
2.25
