287
252.2
249.9
264.5
277
267.1
242.1
257.2
256.5
251.4
231.6
281
239.3
252.2
156.7
251.9
235.1
200.6
256.1
284.7
250.6
218.2
254.7
224.6
248.6
217.4
249.7
210.6
171.6
244.9
220.2
219.6
193.9
342.5
327.4
290.1
222.3
21.4
48
271.2
249.3
256.7
336.1
287.8
245.4
236.6
236.6
243.9
281.5
283.5
274.9
284.3
209.9
248.1
221.2
230
255.8
229.5
33.3
211.8
290.1
204.3
242.2
281.3
287.1
239
292.8
188
201.8
257.1
253.7
259.6
267.5
204.6
320.3
337.7
305.3
350.6
40.7
31.5
29.8
267.2
234.1
169.8
200.2
211.5
198.3
202.6
212.5
187.2
209.3
203.8
208.6
210
194.6
199.6
202.5
180.4
220.9
219.6
234.7
188.4
291.4
267.4
198
259.7
194.6
223.6
224.6
251.9
277.7
246.5
277.1
290.4
281.7
282.8
218.8
246.8
214.2
184.8
210.5
189.7
216.3
206.1
192.5
190.6
197
199.1
177.3
216.3
212.1
193.8
191.9
185.5
200.2
192.3
172.7
211.9
188.3
201
163.9
202.9
206.6
224.3
151.4
256
301.3
233.6
221.8
175.7
231.2
263.8
238.4
213.6
216.9
229.8
239.2
204.9
229.6
243.3
216.6
240.3
233.7
235.3
235.3
239
242
223.6
180.9
204.2
257.1
239.7
220.8
226.4
244.2
222.4
237.8
258.5
291.8
234.3
222.2
233.7
264.5
297.1
214.3
250.3
254.4
232
217.5
242.2
235.3
237.7
127.3
225.3
243.6
217.4
184.6
216
201.8
226.4
196.3
231.4
213.3
223.9
199.6
188.9
232.6
241.6
236.1
224.3
202.3
204.1
221.9
192.5
224.1
216
201.5
206.7
186.7
181.6
186.2
204.1
206.6
256.2
243.2
321.8
207.5
237
232.4
226
179.3
197.6
221.5
242.3
228
248.7
202.7
174.3
218.2
237
222
200.1
203.4
245.1
278.1
240.9
234.1
177.1
193.9
205
224.5
232
220.2
216
202.1
205
209.7
199.2
203.3
207.6
217.3
209
171.4
189.1
184.7
215.7
187.6
202.6
213.3
197
223.5
210.4
209.1
198.9
183.7
185.2
209.8
201.1
210.2
176
179.9
176.4
194.9
200.9
211.1
195.6
208.8
195.3
188.7
208.4
201.5
201
191.6
205.6
239.8
205.4
199
231.5
236.8
238.7
220.2
158.9
342.6
267
250.9
220.7
266.3
253.7
221.6
242.8
275.8
226.8
207.2
246.3
221.3
213.7
203.6
230.9
208.3
191.6
173.1
184.9
245.5
6.6
226.6
191.4
176.5
232.6
176.9
171.9
205.6
198.1
202.2
186.2
203.6
261.3
294.2
235.2
233.9
303.6
209.7
226.4
251.2
268
242.7
237.9
267.8
267.5
251.5
244.4
240.8
287.6
315.7
232.7
316.7
167
17.9
51
232.8
209.8
254.4
56.9
76.3
37.3
36.6
42.6
44.8
30.3
88.8
40.5
1.9
52.4
40.5
63.9
51.4
58
46.1
70.2
92.5
46
29.9
96.5
101.3
37.7
135.5
143.9
23.6
50.7
39.2
25.6
65.1
37.9
38.5
7.8
3.9
50.8
46.4
351.7
52
332.2
33.8
25.3
24.7
77.5
23.5
23.3
26.9
28.6
30.1
24.8
25.8
35.3
33.8
37.7
31.6
39.1
38.5
38.1
33.9
31.7
36
32.8
38.3
46.1
59.4
65.4
48.2
42.4
43.6
41.4
40.8
41.1
44.1
44.4
41.4
39.2
38.1
50.7
48.2
69.7
47.9
68
52.3
39
67.9
129.9
77.2
41.3
15.4
253.1
33.6
39
50.7
57.4
46.2
51.5
56.5
51.6
54.7
45.6
34.6
41.8
46.4
45.1
51.2
40.6
35.8
42.2
49.5
77.1
88.9
62.2
38.6
38.9
47
44.2
40.2
44.3
37.6
42.2
38.7
42.3
51.3
56.4
53.7
60.2
71.3
57.5
66.5
54.9
98.8
134.7
123.1
85.6
72.2
56.8
63.1
42.6
357.2
74.1
52.5
51.4
54.7
49.8
34.1
73.8
47.6
49.7
47.2
57.1
56.8
51
35.2
38.1
57.4
40
28.7
52.1
35.6
67.8
109.3
185.7
196.9
193.9
176.6
172.3
189.5
177.1
182.4
153.9
129.2
117.1
108.8
139.9
54.8
88.9
94.2
80.5
107
60.6
56.7
64.9
63.4
68.8
69.8
71.2
68.1
65.6
52.3
53.9
50.5
55.5
53
55.4
99.4
110.4
107.2
138
134.1
166.3
164
136.5
150.5
139.9
93.5
114.1
91.6
104
125.4
128.4
130.5
122.6
103.2
127.7
128
128.2
140.7
133.1
140.6
127.1
137.4
139
147
139.6
157.3
151.1
149.2
146
151.1
145.6
141.9
138.2
140.2
145.4
154.1
143.9
152.1
159.6
149.2
158.1
155.9
155.8
165.2
151.4
152.4
152.7
154.5
151.8
160.4
143.3
160.5
148.8
157.1
156
152.4
182.6
187.6
160.6
184.5
166.6
171.6
180.2
154.9
183.1
172.4
165
177.6
175.3
173.2
162.5
150.5
198.2
176.9
166.2
157.4
181.2
161.6
147.6
149.1
189.5
194.4
218.2
185.1
190.8
184.3
185.3
176.8
194.8
184.7
186.6
197
197.5
206.6
189
196.1
184.2
200.2
188.9
201.8
174.3
171.8
207.4
269.8
220
203.3
24.2
40.9
41.7
47.5
44
51
51.9
112.8
55
86.3
69.7
107.2
75.9
120.9
127.8
171.1
278.8
203.2
84.7
59.9
101.2
88.3
105.6
140.1
177.4
187.3
181.1
182.2
186.3
184
157.5
170.8
159.8
186.5
151.4
150.5
150.5
134.7
133.6
133.2
182.5
164
151.4
140.3
173.3
155.3
177.6
145
167.2
161.4
174.9
178.2
171.2
180.1
171.5
157.5
176.9
188.2
178.1
194.2
165.9
165.6
162.3
159.5
173.4
160
172.1
177
177
177.5
190.7
172
182.5
166.6
182.7
188.4
179
197
195.3
174.9
194.6
179.6
201.6
179.5
190.7
204.1
203.8
176.6
179.7
193.7
189.5
190.8
181.2
187.7
202.1
176.1
183.2
203.6
193
184.3
182.8
187.9
192.3
196.6
191
200.4
191.3
188.3
179.4
173.9
205.1
197
191.3
195.6
204.2
196
177.6
190
198.9
193.4
182.5
194
184.5
188.6
202.8
192.5
187.2
186.2
176.7
200.3
189.8
192
193.8
199.7
194.1
169.4
183.7
193.4
169.5
177
217.2
201.1
202.8
193.2
180.7
172.5
185.1
202
201.2
215.8
206.4
221.5
269.2
250
170.2
237.5
233.5
185
154.5
188.6
230.6
173.7
214.2
185.1
176.5
183.6
182
174.4
183.8
196.3
191.8
193.3
198.3
190.7
187.6
181.2
189.6
195.6
230.7
338.4
32.1
48.4
136.4
162.4
171.7
164.2
180.5
179.1
158.8
170.5
185.3
205.7
210.5
216
214.9
220
221.1
213.2
205.2
232.1
236.7
237.3
220.8
232.6
225.4
234.7
234.7
232.7
233.2
243.2
245.4
254.1
264
250.2
246
250.9
267.6
265.1
259.1
256.9
266.9
276.8
286.3
265.9
253.5
252.1
247.1
216.8
225.6
223.5
223.4
235.1
219.2
219.9
228.8
237.5
219.4
222.2
217.8
226
219
190.1
189
198.9
214.5
241.7
256.8
254.8
261.5
269.8
286.3
254.7
257.9
273.8
218.8
197.8
182.3
207.4
204
223.9
187.1
171.4
188
203.8
229.4
208
218.4
223.4
179.3
177.9
204
183.9
200.8
185.1
174.6
198.6
196
204.6
175.8
179.1
184.6
303
325.3
241.4
255.2
291.9
199.6
264.2
189.6
224.3
266.4
256.6
49.2
76.3
218.7
176.7
152.8
181.5
167.8
197.1
200.5
171.2
211.9
175
175.7
197.7
190.8
185.2
186.8
184.6
183.5
182.2
154.8
162.4
166.1
199
182.1
181.5
184.8
182
175.2
180.5
192.5
147.8
164.7
185.9
178
181.5
183
179.7
187.1
188
193.7
192.7
188.8
199.2
198.9
179.7
188.9
183.4
186.4
182.5
179.4
184.8
191
193.4
251.3
257.5
188.9
219
249.8
292
272.7
278.4
260.2
269.5
253.8
246
229.1
212.2
210.7
214.8
222.8
228
220.3
217
232
241.4
238.5
236.7
233.7
226
225.7
229.2
231.8
229.5
226.8
234.6
241.5
233
233.7
230.2
226.1
227.5
231.2
224.3
224.2
215.6
224.5
230.3
232.1
225.2
228.6
241.5
238.1
232.1
237.2
257.2
263.9
274.5
262.4
261.1
270.5
254.3
253.6
259.7
266.4
265.1
254.7
267.4
245.1
249.9
257.4
254.3
247.4
276.9
276.6
295.5
281.8
287.9
213
272.9
267.9
228.4
274.7
262.1
251.1
256.1
265
240.6
277.4
278.3
300.8
349.7
260.4
263.4
269.4
256.6
303.8
271.2
265.7
262.7
266.7
245.6
234.9
280.2
308.1
263.7
260.2
271.2
262.5
266
261.6
259.3
300
281.3
239.8
250.5
249
246.6
239.7
230.4
228.1
234.3
230.7
228.6
239.2
243.9
246.2
248.2
245
249
241.2
244.6
255.5
260.3
258.2
270.6
255.3
267.3
245.3
273.3
254.3
249.6
234.9
230.2
234.5
240.7
258.5
253.2
250.8
247.6
264.2
266.1
249.1
240.2
243.5
245.1
236.5
237.9
241.6
244.8
243.2
235.5
245.8
236.9
238
240.1
238
244.1
240
240.4
245.9
237.8
244.3
245.1
242.3
246.7
246
236.1
254.4
247.4
250.3
259.6
251.7
244.5
254
252.3
265.9
264.8
277.3
262.1
228.5
259
266.8
252.3
237
269.9
265.1
277.9
255.6
250.7
246.5
247.7
248.9
238.8
262.2
244.2
265.9
263.8
229.7
300.4
248.6
258.3
242.2
251.7
262
243
274.3
258.9
237.1
245.6
226.5
239.1
210.4
236.9
234
239.4
242.9
237.6
234.6
258.6
241.6
210.9
228
238.5
229.8
223.1
220.3
228.9
246.5
222.1
267.5
199.5
205.4
211.8
230.5
221.8
223.2
235.2
217.5
230.8
231
212.9
213.8
213.8
234
199.4
209.2
249.1
254.5
263.6
228.2
203.7
185.3
204
212.4
206.9
195.1
178.3
182.4
182.8
181.1
183.8
178.7
183
185.6
185
191.1
174.3
186.6
191.7
193.6
189.8
235
233.8
256.4
237.2
230.7
194.9
182.8
199.4
193.6
190.7
172.8
191.1
189.5
191.9
200.6
201.3
215.2
237.7
229.4
226.8
232.3
236
248.5
251.1
240.6
234.1
222
204.1
215.2
206.4
201.3
198.8
189.8
197.2
201.5
198.5
201.6
196.8
205.5
216.1
218.9
235.7
237.7
220.3
214.9
222.5
218.7
219.1
229
211.5
199.9
199
209.6
206.3
217.5
227.6
215.5
224.4
239.2
237
267.7
102.4
267.3
232.3
236.2
223.1
217.3
202.7
207.1
223
263.3
272.1
236.6
276.7
259.6
263.4
234.8
292.4
228.1
285.5
231.7
177.4
291.5
206.9
229.1
177.7
219.1
205.5
209.9
209.9
222.3
226.4
224.8
241.5
256.3
252.4
238.3
293.6
316.2
330.8
330.2
280.1
230.3
246.3
240.6
194.6
189.5
238.3
250
254.2
243.1
254.4
210.8
162.6
223.7
223.7
253.6
236.7
268.6
284
260.8
264.4
274.7
271.7
294.1
206.4
262.4
259.4
213.3
80.9
219.7
216.2
208.3
182.7
197.5
226.3
234.7
205
234.2
193.4
165.2
158.9
303.1
222.6
75.6
287.4
267.7
229.8
281
283.6
265.3
230.3
291.7
216.2
199.1
229.5
220.8
182.1
233.3
258.5
311.7
259.9
254.5
230.9
203.3
241.1
233.9
307.3
296.8
212
255
222.1
219.5
152.2
268.4
248.1
270.3
211.3
246.2
288
257.1
228.8
217.1
196.9
174
185.4
181.1
249.7
265.5
274.7
252.5
270.7
258.1
255.2
265.6
231.8
225.2
235.7
224.2
223.7
203.8
217.8
208.1
226.3
259.1
204.4
218.7
264.9
226.9
193.7
195.8
204.4
270.1
232.1
208.6
203.5
213.8
257.3
242
202.7
241.2
216
218.9
261.1
207.2
229.7
201.7
190.4
244.9
211.9
253.5
211
226.3
259.2
22.7
218.5
202.6
197.9
218.4
250
201.7
182.2
212.9
203.8
220.4
219.7
196
222.2
190.3
212.5
217.8
225
185.1
182.4
195.6
293.1
238.3
207.8
201.6
272.7
247.9
245.3
211.7
238.9
209.5
202.6
201.3
215.7
221.4
197.7
181.8
236.4
221.2
234.2
267.2
324.8
340.4
29.1
45
27.8
32.6
29.6
42.2
53.8
41
81.1
89.4
149.3
179.9
139.7
258.9
357.8
305.7
184.2
169.5
199.6
196.9
188.3
201.9
203.2
203.5
185.1
195.1
198.4
181.6
180.4
177.6
180
180.7
181.9
181.3
181.6
178.6
184.6
182.4
180.1
180.2
181.4
180.3
182.3
186.7
180.5
180.1
182.5
182.8
181.6
182.5
183
183.5
184.4
183.1
184.6
183.7
185.9
181.4
185.2
191.5
186.2
169.6
182.2
99999
99999
99999
99999
99999
99999
99999
99999
99999
99999
99999
140.6
154.5
177
171.3
207.7
193.4
188.9
185.4
188.4
195.1
186.3
191.6
195.8
184.7
180.6
176.5
194.5
190.2
220.8
205
191.2
210.3
209.7
194.3
186.9
202.2
178.8
194.1
221.8
187.5
175
169.3
231.2
193.4
242.7
215.7
264.4
204
254.7
213.9
173
269.5
248.8
222.4
292.3
224.5
205.1
200
196
190.8
193.4
202.9
203.5
195
191.9
189.4
192.6
214
199.7
216.8
204.9
186.4
181.6
220.7
191.6
188.6
185.5
198
280.9
274.6
250.5
302.3
302
331.4
332.7
323
333.3
343.4
299.3
5.5
89.9
60.1
28.3
342.7
343.8
1.1
49.7
33
46.2
55.7
59.4
77.5
85.5
124
134.3
153.6
146.7
146.7
169.2
170.4
187.1
179.3
200.9
183.1
184.9
195.7
194.4
198.8
200.5
179.4
174.9
173
175.5
179.9
177.1
188.7
202.7
193
188.9
200.3
209.2
226.9
222.4
220.7
216.8
218.3
216.1
211.2
220.5
244.6
243.9
255.6
242.4
247.8
251.3
248.5
270.5
282.4
298.4
237
258.5
262.7
268.6
228.1
228.8
231
240.7
240.7
250.8
282.5
248.7
235.3
233.1
232.7
278.5
232.8
234.6
244.5
243
241.5
276.1
230.1
247.4
250.4
250.1
270.1
164
236.8
67.7
257.8
233.9
219.8
331.1
186.2
218.2
201.5
223.7
242.6
208.2
237.7
244.5
255.6
163.8
206.9
206.4
200.6
246.8
212.2
190.7
203.9
196.3
222.8
205.8
181.5
196.4
197.3
207.5
204.1
207
287.3
307.3
272.3
224.7
272.9
220.8
238.9
191.3
199.8
241.2
212.7
194.8
248.7
222.1
214
196.4
215.1
201.1
207.7
237.2
227.7
221.6
244.9
215.4
231.8
204.5
238.5
176.1
192.3
188.4
213.6
195.5
221.7
194.3
196.6
186.7
270.4
208.6
251.1
185
242.2
245
273.1
301.8
295
308.6
267.9
288.7
312
280.1
272.7
300.9
280.4
271.4
284
279
267.8
259.2
259.8
250.6
267.1
257.3
253.1
260.3
277.1
256.4
267.9
244.2
271.6
268.7
263.1
258
268.5
268.6
252.2
265.3
266.3
236.5
301.1
277.5
270.9
261.9
254.8
4.8
275
326.9
285.3
243
256.8
255.4
262.4
285.7
246.3
251.2
255.3
257.6
261.5
261.5
271.3
261.9
268.1
276.9
263.3
350.6
272.1
254.2
126.8
219.7
293.1
256.8
223.7
214.4
245.2
218.7
194.5
238.8
215.9
208
220.7
226.6
348.8
202.5
237.1
255.9
277
208.5
221.2
230.2
214.5
202
263.7
241.4
227.1
220.3
223.2
256.4
208.4
234.8
208
223.3
242.2
212.4
262.8
302.8
227.7
234.9
235
244
270.1
199.5
240.3
216.1
197.9
174.6
206.7
204.8
191.6
213.2
224.9
223.1
202.4
222.6
191.3
215.4
215.8
205.8
217.3
192
170.6
202.9
210.5
230
246.1
191.6
188.8
217
222.8
250.4
11.8
204.3
248.2
287.1
243.4
0.3
243.1
268.3
231
258.5
266.9
286.8
319.2
304.1
257.9
278.9
261.1
267.9
273.9
254.8
198.5
187
188.4
206.1
205.8
203
199.5
189.5
260.2
206.8
239.2
276.1
229.9
212.4
225.5
264.4
238.9
295.4
231
252.5
227.1
229.2
196.3
199.5
233.8
200.9
250.3
242.7
252
236.8
253.7
297.5
322
322.7
23.7
347
24.9
214.1
237.6
249.6
236
215.9
199.8
207.7
234.8
263.1
234.6
248.9
226.5
227.1
272.7
249.6
318.8
219.4
132.7
234.2
245.6
197.2
223.9
214.5
179.7
185.6
239.6
240.8
283.3
250.8
129.3
212
184.8
196.2
197.3
214
197.6
232.8
136.9
183.2
228.8
253.3
250.1
235.4
224.9
253.5
236.7
242.1
236.9
244.4
269.9
290.7
271.3
268.9
261.3
255.2
253.6
263.4
238.4
237
241.1
258
262.7
261.3
267.1
277.5
279.9
292.8
245.2
254.1
252.2
274
244.2
249
222.9
229.1
195
192.6
189.5
194.5
161.3
204.1
179.5
250.2
271.1
205.3
208.3
