5.6
4.92
5.77
5.65
5.81
5.01
5.09
5.2
6.34
5.11
6.28
4.53
4.24
4.88
5.03
5.65
5.65
4.86
3.99
5.51
4.28
4.38
4.57
4.75
4.8
5.27
5.24
5.73
5.44
5.56
6
5.42
4.24
4.56
4.66
4.94
4.89
4.48
4.59
5.36
3.76
3.68
3.11
3.02
3.65
4.57
4.73
4.62
4.62
3.49
4.25
4.13
3.65
3.71
4.65
4.9
4.4
4.68
4.76
4.46
5.08
4.32
4.02
3.25
3.34
4.82
5.13
4.44
5.02
4.4
3.98
5.79
5.04
4.05
4.25
4.15
4.3
5.55
5.04
5.09
4.69
3.49
3.33
2.6
2.46
3.76
5.67
5.63
3.79
3.7
3.89
5.32
4.41
4.93
5.11
5.62
5.58
4.64
4.82
6.25
5.53
4.79
4.58
5.76
5.69
5.83
6.76
7.37
6.62
7.25
6.45
7.05
7.09
6.67
6.41
6.29
6.82
6.05
5.93
5.74
6.01
4.79
6.88
6.29
5.98
5.42
5.36
4.67
4.53
4.51
4.87
4.32
4.65
4.17
4.68
4.2
3.2
2.99
4.24
4.06
3.98
4.07
3.61
4.03
4.2
3.99
3.61
3.82
3.47
3.43
3.84
4.17
4.13
4.61
4.07
4.65
4.6
3.73
4.04
4.34
4.23
4.11
4.26
4.13
4.18
4.08
3.98
4.28
3.96
4.28
4.2
3.85
4.16
4.29
4.06
4.09
4.28
4.53
5.48
4.55
5.1
5.06
5.79
5.13
6.11
5.77
5.28
5.24
4.8
4.57
5.96
6.08
5.45
5.65
6.16
5.81
7.16
7.71
4.93
5.61
5.95
6.58
6.51
5.14
6.01
5.36
5.56
5.73
5.45
5.84
6.9
7.11
7.11
7.35
7.55
8.06
10.64
9.37
7.18
4.93
5.85
5.54
5.55
6.49
5.58
6.16
4.78
4.31
3.97
2.89
3.94
3.53
3.82
4.75
4.4
3.73
4.65
6.43
5.61
4.23
6.39
7.49
6.53
6.44
5.78
5.94
6.51
5.48
6.18
3.22
3.52
3.68
4.31
6.16
6.26
6.54
7.47
5.94
5.67
5.71
5.47
5.41
5.9
3.69
5.65
5.91
4.65
5.83
5.47
5.03
4.4
4.09
4.63
3.73
5.3
3.35
3.37
4.01
3.85
4.44
4.18
3.38
4.51
3.33
4.96
4.22
3.78
3.47
2.92
3.65
2.98
3.57
2.91
2.78
2.84
2.74
2.94
3.01
3.07
3.24
3.42
3.38
2.99
2.98
3.01
2.89
2.65
2.56
2.61
3.02
2.22
2.14
2.84
2.95
2.87
2.5
2.72
3.14
3.88
2.9
3.47
3.03
3.08
4.74
4.41
4.56
2.45
0.74
2.35
2.4
1.71
2
1.93
1.82
1.73
1.46
1.25
1.48
1.36
1.22
1.47
1.4
1.36
1.29
1.34
1.45
1.4
1.69
1.41
1.65
1.5
1.63
1.79
2.11
1.64
1.33
1.28
1.8
2.01
2.32
1.96
2.23
2.26
2.3
3.69
3.4
2.83
2.09
2.44
2.27
2
1.32
2.25
2.2
2.35
2.21
2.35
2.22
2.1
2.66
2.15
1.99
1.82
1.43
1.51
1.2
1.1
1.23
1.58
1.54
1.53
1.27
1.4
1.2
1.46
1.73
1.35
1.3
1.39
1.42
1.22
1.74
2.28
1.58
2.35
2.74
1.96
1.45
1.65
1.85
1.58
1.38
1.32
1.08
0.95
1.39
1.54
1.41
1.49
1.77
1.81
1.7
1.64
1.25
1.29
1.29
1.31
1.35
1.45
1.98
1.22
1.32
1.47
1.11
1.09
1
0.97
0.75
0.79
1.37
2.22
2.34
2.05
1.81
1.75
1
1.16
1.07
1.56
0.97
1.04
0.9
1.46
1.18
1.61
1.43
1.56
1.37
1.25
1.82
1.35
2.03
1.7
1.42
1.44
1.32
1.2
1.55
2.2
1.69
2.11
2.53
3.01
2.87
2.59
2.58
1.89
1.88
1.95
1.44
1.89
1.98
1.92
1.32
1.6
1.47
1.65
1.47
1.35
2.02
2.52
2.54
1.65
1.63
2.82
1.98
1.9
1.69
2.96
3.6
2.75
3.2
2.1
2.71
1.74
2.87
2.62
1.84
2.43
2.42
2.77
2.26
2.86
3.44
3.46
4.43
4.41
3.23
3.33
4.39
4.69
4.18
4.57
3.67
2.56
1.86
1.58
1.71
1.84
2.04
2.87
4.57
4.67
3.42
2.34
0.86
1.41
2.22
1.63
2.38
2.99
2.6
2.64
1.74
1.72
2.33
2.72
2.58
2.69
2.91
2.58
2.67
2.44
2
2.65
1.61
1.63
1.38
1.25
0.8
0.98
1.01
1.05
1.54
2.18
3.04
2.91
2.96
2.72
2.82
2.67
2.62
3.12
3.22
2.79
2.13
2.08
2.06
1.28
1.93
2.45
2.08
2.05
1.97
2.3
2.58
2.68
2.99
2.75
2.82
2.89
1.8
2.79
3.19
2.92
2.85
2.96
2.36
3.28
3.44
3.2
3.64
4.34
4.27
3.98
3.79
3.58
3.46
3.47
3.62
3.57
3.13
2.73
2.61
2.85
2.64
2.23
2.71
2.81
3
3.02
2.68
2.32
2.27
1.86
2.15
2.86
2.27
2.19
2.23
3.14
2.81
2.83
2.85
3.07
3.1
2.08
2.6
3.16
4.03
5.1
5.8
5.75
5.41
5.04
5.98
6.97
5.87
5.48
5.72
4.96
5.47
5.04
4.22
4.79
3.42
3.13
3.04
3.8
4.65
4.03
4.35
4.3
3.74
2.2
3.24
2.94
2.65
2.42
1.96
1.54
2.16
2.05
1.94
1.33
1.4
1.24
2.15
1.94
1.46
3.24
2.93
3.13
2.81
2.37
1.84
0.84
4.77
6.48
4.96
4.36
4.56
3.38
5.15
6.11
6.15
5.18
3.72
3.61
2.09
1.53
0.75
0.82
0.84
0.53
1.03
1.34
2.88
3.58
3.54
3.86
3.71
3.76
2.9
4.68
4.24
3.15
3.38
3.22
3.07
2.92
2.64
2.38
2.56
2.68
2.34
2.02
2.19
3.21
3.58
4.71
4.76
4.36
4.03
3.58
4.42
4.62
4.58
4.67
5.02
4.7
4.19
3.84
3.82
3.7
3.49
3.38
3.69
3.85
4.73
4.34
4.09
4.1
3.71
4.09
4.41
4.56
4.37
5.01
4.15
4.13
4.73
5.17
4.7
5.98
5.34
5.01
5.46
5.32
4.6
5.61
4.28
5.2
5.35
4.86
4.27
5.25
5.76
6.08
5.87
5.74
5.49
6.08
6.65
6.18
6.96
6.69
6.25
6.93
6.46
6.32
6.22
6.56
6.57
7.43
6.4
4.75
5.84
5.23
5.26
5.5
7.1
5.17
5.06
5.58
5.71
6.59
5.05
5.44
6.8
3.95
5.97
7.8
6.89
5.32
5.05
3.99
3.5
1.64
0.42
0.7
1.31
3.89
3.87
3.98
2.85
2.33
2.62
3.03
2.53
2.71
2.69
2.59
2.45
2.64
2.44
2.73
2.76
3.08
3.28
2.86
2.48
2.1
2.03
1.23
1.87
1.18
1.65
1.35
0.94
1.42
0.8
0.99
1.43
1.11
2.33
3.14
3.63
3.18
2.25
2.4
2.56
2.09
2.42
2.23
2.51
2.77
2.6
2.46
2.23
2.31
2.52
2.37
2.03
2.01
2.59
1.89
1.31
1.2
1.72
1.52
2.12
2.81
2.58
2.59
2.57
2.66
2.47
2.33
2.1
2.6
3.32
2.99
2.82
2.4
2.55
2.89
2.45
2
2.56
2.22
2.18
2.26
2.02
2.16
2.21
1.87
2.36
2.14
2.04
2.08
2.27
2.43
1.94
2.53
2.53
2.12
1.99
2.04
2.13
2.28
2.1
2.39
2.85
2.75
2.61
2.85
2.81
1.93
2.55
2.41
3.04
3.88
2.99
2.77
3.39
3.95
2.55
2.47
2.55
2.12
3.03
3.09
3.65
2.99
4.55
4.23
4.15
7.03
4.71
1.72
0.83
1.07
1.01
1.72
2.72
3.59
5.32
4.22
3.35
2.21
1.95
2.05
2.24
2.32
2.76
2.74
3.34
3.88
4.15
3.98
4.27
4.3
4.37
3.14
2.66
2.02
1.59
1.9
1.96
3.27
3.43
2.59
4.97
4.07
3.67
2.23
1.68
2.71
3.32
3.21
4.21
3.06
2.7
2.34
2.25
3.16
3.91
4.04
3.62
4.25
4.03
3.8
3.92
3.11
2.71
3.31
3.28
3.8
4.05
3.97
3.67
2.42
2.2
1.94
2.09
2.47
2.33
2.36
2.62
2.38
1.93
1.9
2.32
3.05
2.73
2.6
2.64
3.06
3.01
3.05
2.95
3.28
3.53
3.78
3.93
3.73
3.88
3.89
3.76
3.24
3.66
3.93
4.33
4.17
4.75
4.96
4.57
5.3
5.72
6.43
5.38
5.84
5.87
5.78
5.73
5.04
5.34
5.05
5.28
5.3
6.3
5.5
5.41
6.24
6.2
6.52
6.67
6.71
7.24
6.65
6.49
5.4
6.57
6.67
6.13
6.02
5.13
5.96
7.05
7.43
7.74
8.12
6.56
8.66
7.81
7.04
7.52
7.03
9.02
6.69
7.01
7.4
6.26
7.93
6.34
6.98
7.14
6.33
5.24
5.71
6.22
7.87
6.58
6.15
5.14
6.21
6.13
5.8
4.23
4.77
4.17
5.02
6.17
7.17
5.92
5.45
4.59
5.37
4.57
4.09
4.23
4.76
4.65
3.82
4.12
4.22
3.89
3.94
4.17
4.3
4.16
4.31
4.26
4.13
3.67
3.94
3.62
4.15
3.99
3.25
4.33
4.26
3.72
3.98
3.9
4.09
3.92
3.76
4.45
4.87
4.84
4.35
4.37
3.98
4.04
4.07
4.1
4.01
3.83
3.84
4.04
4.2
4.5
4.39
4.29
4.3
3.97
3.89
3.86
4.2
4.24
4.49
4.5
4.34
4.23
4.11
4.51
4.33
4.74
4.34
4.15
3.84
3.67
3.53
3.38
3.86
3.82
3.7
3.72
3.83
4.45
4.41
4.86
4.66
4.45
4.71
4.55
4.86
5.41
6.02
6.13
5.94
4.82
4.87
4.82
5.48
5.49
5.1
5.36
6.13
6.02
7
5.98
7.31
6.01
6.1
5.76
5.21
6.26
5.24
6.12
7.75
6.06
7.69
6.7
6.56
6.19
6.08
6.32
7.51
6.63
6.92
6.84
6.31
6.03
6.44
5.44
6.72
6.26
5.89
4.92
5.55
5.95
5.58
6.69
5.93
5.8
6.08
5.37
4.08
5.36
4.96
4.12
3.95
4.28
3.99
3.91
5.45
5.19
4.34
4.72
4.26
5.4
8.57
6.87
5.03
3.77
2.32
1.6
1.05
1.45
1.43
1.28
1.49
2
2.79
3.25
3.19
3.2
3.07
2.86
2.46
2.96
1.75
2.65
2.61
1.77
2.6
1.29
3.08
2.72
0.86
1.84
1.88
1.95
2.9
2.43
2.37
2.92
3.22
3.06
2.99
3.27
2.83
2.5
2.61
2.44
1.91
1.99
2.72
2.27
2.15
2.29
2.95
2.45
2.4
2.76
2.5
2.15
2.55
2.72
2.68
2.75
2.66
2.79
2.58
2.08
2.66
2.44
2.65
2.54
2.68
2.44
2.02
2.66
2.62
2.93
2.74
2.59
3.41
2.99
2.53
3.4
2.92
2.72
3.43
2.86
2.96
3.54
3.6
3.43
3.23
3.74
3.96
4.49
3.52
3.59
3.56
3.75
3.32
4.13
5.13
5.33
5
4.51
4.9
4.68
5.78
6.69
5.18
5.89
6.61
5.14
4.9
4.39
5.16
8.09
5.67
4.68
3.56
2.77
3.35
3.52
5.19
5.82
4.73
5.12
5.31
5.8
5.77
2.15
2.16
0.82
0.37
0.42
0.65
2.2
6
7.58
5.67
3.76
2.94
3.06
2.3
2.18
2.39
2.25
2.78
3.7
3.79
3.45
3.2
3.09
2.7
2.3
2.22
2.68
3.22
4.01
3.35
3.16
3.98
3.21
3.67
3.86
3.93
3.28
3.12
3.37
3.37
3.83
3.78
4.34
4.12
4.76
3.99
4.18
4.71
3.75
3.43
3.6
3.57
3.54
3.58
3.59
3.6
4.02
3.94
3.79
3.19
3.28
3.09
3.08
2.63
1.86
2.12
2.53
2.85
2.66
2.78
2.34
2.03
2.59
2.57
2.98
2.85
2.16
1.96
1.98
1.73
1.3
1.49
1.32
1.49
1.76
2.02
2.05
2.03
1.62
1.43
1.15
1.25
1.3
1.22
1.2
1.14
1.54
1.55
1.61
1.56
1.53
2.56
2.95
3.44
3.11
3.92
3.78
4.16
3.57
2.78
2.94
3.22
3.22
2.57
3.46
3.03
3.46
3.52
2.72
2.66
3.09
3.72
2.47
3.78
4.04
3.39
2.83
4
3.95
3.6
4.3
5.03
5.34
5.03
3.81
4.85
4.61
5.3
4.27
3.61
4.47
3.65
4.36
4.79
4.95
5.77
4.68
6.08
5.36
4.37
4.45
4.87
4.57
4.67
4.7
4.68
4.62
5.23
4.89
5.26
4.42
3.31
4.01
4.9
4.77
4.32
4.3
3.85
2.73
2.28
1.77
1.57
1.51
1.5
0.61
0.49
0.33
0.34
0.37
0.35
0.6
0.57
0.59
0.89
1.43
1.15
1.12
1.06
1.63
1.97
1.92
2.11
1.77
1.59
1.73
2.15
2.13
2.38
3.02
3.21
3.45
3.71
3.86
3.84
3.65
3.64
3.8
3.35
3.19
3.21
3.28
3.11
3.24
3.48
3.25
3.09
2.95
3.36
3.69
3.55
3.65
3.55
3.69
3.65
3.3
3.37
3.33
3.56
3.62
3.07
2.57
2.71
2.73
2.73
2.87
3.05
3.01
2.57
2.71
3.45
2.66
2.85
2.74
2.85
2.81
2.93
3.47
2.93
2.66
3.53
3.35
3.71
3.54
3.58
3.27
3.54
3.46
3.86
3.84
3.33
3.34
3.73
4.26
3.48
3.63
3.46
4.44
4.94
4.05
4.35
4.86
3.9
2.99
3.7
3.5
3.57
3.19
2.81
2.7
3.59
3.19
3.71
4.07
2.97
3.79
4.27
3.71
2.87
3.34
4.16
3.32
2.75
2.05
2.96
2.3
2.99
2.65
3.01
2.25
3.15
2.92
3.6
3.27
2.96
2.74
1.93
2.87
2.59
2.87
3.15
3.13
2.74
2.38
1.92
2.06
2.7
2.87
2.12
2.32
2.1
2.35
2.65
2.66
2.51
2.67
3.25
3.28
2.95
3.04
2.54
2.29
2.14
2.37
2.48
2.5
2.65
2.73
2.02
1.73
1.22
0.86
0.76
0.43
0.77
0.83
1.6
1.92
1.72
0.95
0.82
1.19
1.26
1.58
1.95
1.99
2.35
2.12
2.51
2.29
2.09
1.62
1.81
2.12
2.38
2.44
2.48
2.3
2.05
2.22
2.25
2.2
2.1
2.14
2.21
2.29
2.14
1.94
1.48
1.6
1.72
1.3
1.79
1.86
1.36
1.38
1.72
1.68
2.6
3.14
2.52
2.43
3.47
3.35
2.87
3.44
3.42
3.89
4.7
4.36
5.1
5.31
4.54
4.78
4.57
4.38
4.83
4.22
4.81
3.52
4.1
4.59
3.8
6.56
4.8
4.76
4
4.22
4.66
5.91
5.12
4.47
3.75
5.26
4.99
4.63
5.23
5.72
6.37
7.25
6.87
5.3
6.71
6.89
5.99
6.4
6.8
7.26
8.94
8.58
8.9
9.59
9.06
9.2
8.4
7.45
7.15
8.03
8.41
6.2
6.08
4.93
6.91
7.1
6.2
5.47
5.64
6
6.61
4.83
6.43
5.77
7.17
7.5
6.51
6.61
5.33
3.75
4.39
5.58
4.5
3.55
3.18
3.84
5.06
4.93
4.88
5.44
4.6
4.03
4.43
4.48
4.3
3.62
3.29
3.49
3.53
3.4
2.93
2.92
2.98
3.53
2.89
2.75
2.74
2.85
3.4
2.94
2.25
2.59
2.55
2.01
2.07
2.07
1.91
1.72
2.58
3.48
3.38
2.96
2.41
2.58
2.6
2.37
2.45
2.55
2.64
2.71
2.42
2.56
3.16
3.07
3.19
3.35
3.13
3.17
2.77
2.62
2.94
3.26
2.76
3.11
3.47
4.07
5.07
5.13
4.68
5.97
5.49
5.84
5.22
5.82
5.87
6.71
6.11
6.77
6.66
5.98
7.25
5.41
6.1
5.06
6.85
4.38
5.88
6.57
6.12
5.91
7.45
7.24
5.69
6.63
8.01
5.39
9.21
8.43
6.35
7.39
7.94
6.69
6.46
6.99
6.28
5.19
5.2
6.9
7.49
6.35
8.78
9.55
9.23
8.68
7.21
6.11
5.37
5.23
8.04
6.69
8.43
7.94
6.54
5.06
5.85
5.6
6.92
5.84
6.92
7.44
7.5
7.42
5.08
4.94
4.46
4.52
6.65
5.95
5.15
4.64
3.78
4.02
5.49
5.07
5.53
5.84
5.26
5.83
4.74
4.33
3.41
3.92
3.46
3.82
4.49
4.62
5.03
3.73
3.78
3.66
4.02
4.01
3.98
4.02
4.01
3.85
3.85
3.85
3.67
3.31
2.49
2.54
2.85
3.09
2.78
2.6
2.29
2.27
1.86
1.78
2.44
2.37
1.89
1.44
1.92
1.82
1.29
2.76
4.21
3.64
3.08
2.68
2.19
2.28
2.23
2.57
2.95
2.44
2.88
2.94
2.33
1.89
2.11
1.94
1.48
1.52
1.37
1.36
1.43
0.73
1.25
1.53
0.88
0.5
0.93
0.48
0.86
1.07
1.26
1.28
0.94
1.98
1.98
1.68
1.54
1.54
1.48
1.2
0.69
0.71
0.85
0.93
0.97
2.05
1.51
1.68
1.6
1.54
1.52
1.26
1.88
2.07
0.94
2.01
1.48
1.17
1.43
1.89
1.76
1.82
2.58
2.78
3.02
2.94
3.77
3.92
4.06
4.26
4.37
3.17
3.92
3.83
3.25
3.72
3.98
4.31
4.35
4.75
4.93
4.61
4.09
3.52
3.65
3.72
4.22
3.93
4
4.21
5.66
4.92
6.02
6.13
5.95
5.43
5.82
5.77
5.59
6.25
5.48
5.57
5.88
4.81
4.87
4.1
4.32
5.97
5.82
4.38
4.21
4.7
4.58
3.74
